34943118
16136207
34201872
33052945
33182717
26191379
36527764
35432593
33808406
35252368
37894680
31319576
33996570
36355099
36830236
37504290
31876390
28531112
33525688
36570942
36237504
32547393
33086533
34542151
33163337
30941047
36676050
36386899
36973909
35268053
33013974
37181144
23531537
31936346
35406940
36028892
32927836
36583135
35453415
35268842
32988394
32143602
32575476
36386165
37447031
34621817
32331258
33049979
33525629
36765950
31366015
35935873
33557122
34715778
33552516
34073221
34829700
31480581
34574213
37107469
37110798
35567117
31653006
31109134
32668690
21364760
34545692
32717857
36756001
36365091
32168739
31032360
34964139
35407148
37447342
32610480
37110833
33375282
35256953
32326580
28672821
36901817
31547323
32824136
33608906
30889805
34209102
33828945
33576408
34199014
36079590
36307560
33621484
35208173
36348783
36581872
32586871
32123513
31061626
30754684
35890687
32349312
36278145
33392004
31601031
35407111
32987784
32547594
38024844
31783692
33826324
37802777
35744670
31232418
35335587
34330922
35684266
32409642
32012846
30910511
36673328
32498225
33160114
35753136
30781748
30894645
37761077
37175475
31316537
35377596
36903998
32922177
34828995
34832070
33950798
32481488
35477456
35516499
31599060
38137301
34836059
33917150
34510303
32747106
35035498
35411052
37226095
38137201
34316276
35151223
32807165
31775614
32372863
34416512
36982530
36829447
35009033
28529803
20842126
24205199
35102225
34769429
34206358
35699226
34437915
33401760
35457057
33437096
25575594
34262571
34779946
34163503
32977711
33565103
34451763
31138872
27834680
32914105
31134013
30709057
36733506
36654533
37446982
35216071
36987078
35513161
35883849
34885711
32517202
25392979
36845524
34070995
37504863
32987747
37189349
32481510
21381735
35565290
36284267
36287980
34360945
35009012
36035445
26583030
36589051
32841596
30609669
30738951
36521736
36296715
36154894
36986895
34884496
23520530
36835220
32756373
32570903
32610071
37942557
30744349
36230305
35208994
22985125
37374886
32866087
37958950
33815465
36501420
36768941
36890158
33433776
37242800
25854644
31488056
34203067
34973885
35458624
36893121
32992834
37241795
36234947
37608899
33164487
35855561
33808719
31795162
35736155
34441694
37755745
31937890
37760354
37894369
37644642
35710954
32373483
37960173
31598575
31142256
34073074
34733302
34863096
34502525
36291074
36387972
32201220
36900487
35159559
33669392
35874835
35798803
33535511
34199320
31811227
32867102
33240094
35270048
36234786
33406630
25329577
35217708
31357485
35448762
33597503
37745216
35573699
37770949
33513158
34827079
33239752
36588745
37939528
37283020
30949326
34925392
32939090
34381781
35685208
34819425
35751906
35494499
32193508
32796773
31338854
35784551
38139107
35551465
36851433
36346220
35163902
33922544
31205360
32984309
30535037
34334974
33467139
35893639
36125704
31624328
37110794
36679052
38136205
32709006
34063505
36479507
33585428
31175317
35350294
32493722
32226845
33831070
31048995
34526627
36557992
28198443
36839215
31540015
36930736
37836594
32356147
34277684
36387772
33375293
36569662
35889471
36093245
32751940
25411524
34828870
35325511
37076809
35807433
36295881
35646842
36177108
32731481
31847385
35563355
35380444
35837277
36983134
34371804
31406173
32258909
35811934
37642337
36421734
35052649
31729138
35206003
31075831
33487866
36418942
34828798
35486729
27731337
33658635
35053964
30951312
35615512
30847129
33266330
36726682
36429084
33330588
32326942
35212841
30742825
32302381
31736750
32837805
37174449
36304818
34452275
32012984
35273405
32555456
36558533
35941189
30868423
34946171
32707790
33375439
30867920
25861371
34819922
35622735
30486484
34072921
37836506
26184154
20816346
36080356
35336301
38089709
32512752
35684222
31653107
35885300
37721716
36354939
31755901
33003518
23596419
34894983
34564236
10945933
34262927
37216016
34232724
32722325
36290199
36295067
27883040
37284132
34326948
32260392
35499051
35453356
30663084
34857903
33381041
34745009
34942517
37475127
33148345
36160955
30283331
33498692
32486470
37175241
35684298
35515597
31046097
36558163
35458645
28472278
35627097
33949018
1493851
35464030
2597344
36778851
35208165
36675302
32988523
22513004
33105645
35448815
36558194
26056947
38107127
36159224
33562107
34769148
33989880
38006146
35308802
36010502
35159309
32086160
32664469
33904663
35581591
34179064
23905047
32335259
34828956
27446175
33799456
36567330
34204835
36499239
31249580
30854061
34401070
36830004
33807286
36771771
35387069
37842365
35845695
34471104
34872513
33466306
35845700
34496967
31671881
37765194
35454668
31930445
28304342
33071194
37662172
35888732
36235100
32082144
37422177
32655589
35696104
36230121
31658729
37460843
35116016
30485744
36900607
34269557
31619960
34451578
32731644
36974717
34769407
30598402
32341384
34299402
36144656
36338961
36370450
32293269
35454742
37953307
31533342
35659295
31316128
34828320
30727845
35478184
30835624
38003497
30856235
32983215
33679153
36557874
36931891
31714612
32155959
30813367
38163897
36678970
37687101
38126013
33924541
34199488
34070722
36555203
36499268
37447109
35806406
30616517
33390531
36987083
35847119
33396946
32724564
36798806
34829143
36671704
36365401
34385879
31970395
31952478
36276831
33746911
32085729
35634144
31546726
36860903
32605158
32123761
34835826
32168953
31143299
36419843
34830228
32093213
31731614
36988448
32977825
34573097
36501163
37623857
35054770
35082290
36507190
31181111
33277752
34064568
32545338
33817147
36429242
35784638
36661954
36677059
37242181
34177990
35990343
35539527
32587595
34353358
34336974
38131793
34679764
35928405
36673365
37107416
36552281
31635033
32344540
36168284
35566173
30959841
33041762
35118817
35204068
35056870
33947110
38107881
32942700
33224175
36677615
34638715
35629308
32191745
24023812
35185541
32980104
33123723
32481553
36100882
38132115
34168724
36291731
36364950
34966296
34200995
36353576
36935850
35310893
36899321
34970285
30936627
37755060
35477560
31330872
36904250
35782075
35223868
35682874
31443262
36813763
35203908
32416836
30814920
35237451
32708684
35399628
31875662
33294673
30603094
37834072
37068250
32121179
37835612
33841376
36009697
36839401
35153770
34638828
36430189
36365298
36837108
34841335
29980921
33256187
36573184
37624193
37151618
36144643
31291400
33805707
36136461
33808144
35790996
32150813
33923998
34070050
33840675
37762087
30397227
37765036
32908971
34849454
36747055
32793647
36139697
32729778
34679733
23509813
35225785
21637690
30716985
31058874
35448509
32148798
35159487
32443838
31480255
24905026
31830975
30155717
29353158
32397258
31086922
36453199
33927250
35165524
36552569
24483163
35413882
36830175
29540706
32255973
30237415
36483306
32455788
37217773
33922037
29692792
37716985
34681466
31683835
32326524
37375109
36077446
36077574
34679945
32531855
33819280
33841808
36903188
33954196
37233685
34721559
36294932
35340442
34221340
36983840
36771746
34940327
32299433
36643758
33132592
36369969
30797363
22069686
36363702
33610552
34884801
37108546
34950722
34359496
34719690
36673486
35768783
34451663
38065998
32331474
33572056
37765467
34200927
34065248
36547298
33242597
38169702
33838183
26826217
36366445
36320623
35406064
32488180
35624821
34943092
32731380
30871161
36161022
36978950
34069766
28973959
37959689
32413961
34794378
36235143
36080526
36276240
37764768
30037155
35784613
33081127
35276844
28592558
36644783
35037744
30319666
31847475
34771890
35497143
35516216
33466942
30959935
34770752
36482376
27258314
36076876
35684429
35369037
31979214
27845713
38005714
29467735
35050200
36671065
37025496
35953755
31480665
33276503
34770782
31146359
37765601
36386916
33355498
35842413
34834031
32560627
35935860
38201075
36295798
35592566
33430013
35273219
35163526
31903883
32033421
36093711
35177872
30714897
37152145
33144592
35712534
33572631
36329495
36829977
37830171
33353244
32396066
36291749
36781609
31324793
32116660
37687352
34230589
29507653
34829641
35684557
38140110
34770765
31506510
32272977
31417423
31412690
34438742
30934615
31416282
36352859
34731613
32419833
31400160
32276961
37047265
33732067
36978787
37207271
34198892
34881517
37107567
36834672
37003505
36293104
23455471
32272887
36290425
21131901
30595712
33348868
37158919
34961160
32351482
37876493
35677711
36234897
36829842
35573781
31849880
36281371
33579038
35890464
31284512
34976161
31413155
36506019
36437285
35432233
37077687
37645629
37764159
35111749
33414855
26492237
35567181
33664725
31151323
33081180
35589852
33098334
35150942
33918176
31353569
35052640
34770016
31835748
36639836
33505385
33187307
32887276
35684331
35931887
35873647
35982449
35755250
36677364
36388084
36532854
36655097
36290686
32751867
33884029
35432958
37762175
36478849
35739906
36986117
33601415
31083400
38130953
32947979
32832396
35874955
33916302
32952590
36830093
34473745
32094354
34205719
31170972
33782432
32051875
37176484
35895845
37986085
3894308
33483560
33637672
33669797
31150379
31357612
33352109
29958444
33633579
31671730
36501171
35730611
36340918
32409916
34440125
37623103
34199233
32839493
33023184
35783377
37020628
36946006
36161239
35876951
36676057
31989083
38007516
33033566
35628512
31952224
33762022
36430697
36079724
35178349
32851950
34960111
33408499
34803715
38002054
38249351
34499719
35682698
20170128
30623249
31136659
32653589
32087574
37760021
30970652
32899614
36071841
26379683
30808357
30814632
35404080
36133811
32927809
34911942
32625481
36059978
34745425
35011538
32734418
37175378
33297366
38137944
35052636
34681821
35524700
32992861
32121184
38045027
36296420
38004456
32326376
37110121
35971438
33291758
34641136
34578929
30987122
31154674
36984815
35180277
31645942
36991478
31428080
34451195
35869439
34350208
32466434
34663685
29860613
37893642
32344588
36837393
33086624
37174308
36133422
35954095
36674864
33335476
21510905
36557879
32751415
35207039
36204988
35567294
36875839
35448771
35822533
33396936
36105466
34279371
31705036
31552077
36979406
29515596
30670795
31427404
36532818
34063058
27168717
34841304
31766491
34814046
33224160
28471393
34681572
12676196
33803238
36693869
37764206
35782770
36234873
37405434
37378428
35889534
32888959
36290691
32715269
38133385
31890185
32874250
33809803
36012302
34064659
34567957
36230042
36818844
35437852
32455840
33371425
32792484
35698214
33329448
37687339
28106795
33923376
27737525
35745206
32049975
29204150
32258810
31271868
34945597
36991292
34834750
35498305
31623235
34868170
35345871
36014416
35423955
33807994
33870552
32635481
35052763
36499039
34940259
36422245
24529384
30609645
36840302
35647087
36679407
37750513
34834034
33187182
33995124
29468148
33121005
35615096
37670394
38132603
37123838
33924863
32823812
32008069
35807622
37662599
38132744
28665355
35891084
35223309
31263123
37949972
32219029
30301464
32245281
35656482
37687080
36713641
34857130
35399214
37719855
36553529
34738876
35648190
36333377
36819010
37695169
29283396
35449541
30781766
30987340
35740108
36246222
32085580
32391373
27433555
31481940
16517205
33139672
37915736
32708570
36123995
38241374
37006947
35186020
35643496
38133353
34234346
37834608
34290545
25837555
37685108
36983541
32154231
31324029
33361282
33892354
32469895
34436488
31947529
37685134
35479695
31440274
37836694
34948249
33153306
30837530
36296989
30687134
37108637
37662754
36844069
33477669
31775274
36138795
34186284
35628591
30923568
35986997
35745077
37376192
36458308
37887052
36135758
32373072
34202322
32887379
26347735
38131672
35498713
35627226
36770903
34940636
32588252
35301338
34106335
32916829
32194534
36986982
31652968
35875695
35036789
37764345
32441338
36079611
34271869
36825086
31324287
37056512
36566273
34070914
32899587
31304452
36982914
34204038
35722634
36835212
37120525
30430605
32298766
37958543
28864908
35068051
36140952
35600541
33841309
36760994
33743779
35949987
31652773
33672998
36311974
37894648
34367273
33485354
35003179
36178476
31523502
33518131
35955511
36292920
35251769
30063802
35958587
31106236
33188857
37551422
36967880
30925768
36771531
32043086
33667545
34133478
37881704
25244012
31049199
24678255
30612335
31436914
32161908
34069493
36735349
33233656
36617721
37702011
32210179
33066505
33182843
36570891
33836817
36876049
37731987
17401749
34829079
32444695
33816473
36828413
31273246
32824223
33832353
28587169
31610789
36740649
35571884
37418156
38139951
35763120
28066482
35873460
24586550
36847287
35755704
35899191
36829884
37107268
35892805
36559685
34441670
34445648
33413456
31191508
36267349
29661140
21526999
34441561
33505242
36142812
34829668
33572199
33168619
31581549
33420909
34381807
28473709
29030640
21660143
37258100
31430902
35380602
32517243
26486652
35445501
32676095
37895041
31835394
36313986
32708105
31671820
35233296
22681489
24039826
22739739
28769821
35804701
31461919
36496798
23737762
36133414
36188327
37205927
25972911
36519093
35629878
32150968
37050042
30123195
35066300
30897852
33782650
34576959
32178240
32300350
37834305
35040324
37344965
36838522
18718021
38001867
35903308
35464783
32028623
37895122
37108695
32664664
33401431
34832859
32626922
29364842
34804078
28603631
37107184
36233073
25495412
32664694
35630586
37021310
35495938
36105219
24798211
33917442
37979270
33946376
31757064
22263561
37375373
32377230
38001806
38251150
34691218
33747859
22118677
37701654
36865913
34681626
31861279
35702304
37084835
37107235
35877541
31387308
37229485
36838831
36555572
32983220
36421559
32626367
34145984
37367873
34684354
36431042
32546887
30897738
36837835
33668943
37375828
36834516
33503834
35622750
38144863
36557918
36479585
34470625
38144743
38201192
33478121
36388844
35371117
36674670
34423025
34959987
34572660
31683833
37959164
35230080
35885312
31336965
32612230
35681289
36985610
35406987
34095116
36028813
36743952
36329105
31963290
36211739
30847141
36552231
37894701
34737967
38002226
35159602
35450037
35736758
35458615
35281335
38161977
34690742
36133819
35509309
36803646
34770882
33013954
32518082
35631301
36145735
31905993
34770890
36078031
34065362
31447892
28770011
35054427
34986204
33488731
29670527
33731680
31861730
33067112
36140911
36558962
31787892
37990266
35008763
35740028
37374718
34209151
22754304
26167297
37754242
30500355
34199557
30558213
36829840
32749073
35807634
29932179
35733524
35750291
35564059
31779230
34039966
31717284
34194468
31455269
35237671
34400937
35406634
35456810
35016620
31665838
34341425
37049909
32213815
31963461
35804744
35356109
22257742
33348687
31254733
36144849
36297807
31772244
31130968
30719065
33072985
34420186
34203867
32996699
38136161
31547386
33785827
34358116
34828905
35087593
34963952
32916849
30804983
35762302
36496638
36558199
36553860
38014344
34248201
37163145
37233675
35992591
33920788
34257684
22109846
36234774
37180054
36768788
30431132
35463071
33149860
36185766
32397307
34594474
32408619
34993196
35885236
35154045
32548863
37049535
35335232
31479490
33097666
32759748
34904005
31110474
33200848
32243152
37375955
37755221
32781654
36496475
35209179
32148831
32620767
35494115
35664230
37070569
31242602
33657451
35209067
37138301
32659951
33375472
35155569
34072178
37174391
35565048
38133242
35563131
36077948
35983485
33920895
32461824
36503554
32340227
37686147
32580493
35927438
30935952
34303376
35398802
32085649
33946260
31144085
30760216
35945501
36733601
31435171
33916326
31284522
31492013
31416621
35734448
35799985
36978872
33954045
36551995
38257212
33193665
33461570
35453380
37561285
36092487
35629895
34641353
36545609
34745555
37965015
28554328
33808220
31759453
35558110
36698463
32034911
33138787
36838379
32570735
35892335
35397367
35769592
34944378
32927869
31861762
33639042
34441731
35395715
35878286
34208916
34564501
37686166
36578327
32841240
36014363
33374108
32494747
33882914
33498148
35996456
34371625
34239914
36523946
31588264
31191470
35335349
31686838
33193529
33105724
34766146
32899907
35260740
34946633
32340170
37967056
35220945
36296530
34249811
31106391
35877721
31487835
36230109
36559582
35865323
36968428
33240942
31184497
36743922
33375091
35268851
32872562
31121909
35615222
38203257
38187131
36010495
33339393
33878915
35370372
35966214
35371142
32150922
36437911
36172573
30968350
30042782
34611999
28626463
33520034
37048225
32161322
34531883
34903850
35892780
33665454
33921583
36655023
33746994
34064950
30962874
30650554
36044476
36636605
28044094
33385148
36548672
32864892
36756417
33723717
36311115
35490380
35002701
29137614
35310030
34639056
32942543
35609046
31657558
37102169
34335836
37176924
28090211
34917993
37937647
34946032
35316209
33110775
36771576
32036985
32104188
37375617
35292683
31886219
33603085
32599821
31890191
32664208
36433169
38132628
31698836
32857494
36694551
33573150
25676190
37762340
25644965
37876908
32755500
30155184
34564400
31497392
38002355
30991670
36046134
36968508
35741886
33072190
35893569
36364354
32884419
35889349
35684167
32916171
31937868
33917651
37297363
31187037
33916510
36832864
32401761
38165988
37896037
37340006
32863718
37386089
34945515
35327217
26469877
32405366
32549240
33867519
37832192
36014850
36705540
35372554
33282958
36061072
35046802
31443476
34769045
34718102
33304343
34944409
36984859
37586588
35862431
33064954
35169190
34359465
31022249
31921070
28330159
35677237
37687222
31929782
35569081
36187834
36547643
36102335
37900735
35005631
36230211
35449540
37207879
34207691
33672011
35586253
37174477
37676623
31281232
31815377
35647058
35061334
33435480
33281753
32117111
37240419
36453987
34109157
38002280
32104041
30740094
34775536
24868464
34956277
30778103
36172282
34091772
36035454
36005631
35187331
36234883
2096387
34940678
23247367
36536965
36839305
33525514
35628682
36498955
35154574
30740113
36357780
32033302
34444699
33668635
37045917
34421661
32625824
35387042
36008995
32108838
33121062
26530857
36688426
32205230
33704623
37623089
35354677
37703990
35068213
34828857
32625340
34437574
36211785
22932429
35340621
36975314
35919572
32456021
34768857
36361695
26300640
31973089
31212771
33383913
30847338
34345835
37292783
22347893
36781432
33013885
32708483
38213765
35990279
32214920
33986452
30258841
31057945
35407130
34722973
35470749
36204062
35492255
36557985
33849505
34206242
31191588
36830499
33790248
35237288
34630447
34691120
33790259
35270067
36254261
30343480
34204857
32121532
34193856
36778689
33809348
34030661
36043087
37399247
38169724
37918802
30116051
35937364
35804754
32397143
37048283
34925791
36432864
32971750
34975978
31480173
34500592
36815987
35968115
37895156
35161335
28785276
37152125
36669057
33062147
32121091
34371592
36650505
34574347
34579467
33050639
35139090
35832215
30965657
34500636
35832223
31931175
36009777
29545778
37376695
37683000
37836733
37367872
37180741
37839558
36145607
35578183
36854728
34946631
32365518
33158097
35369682
36410067
36992340
32324822
33925336
32265946
36899677
34200414
28885598
36974177
33445474
31416422
35127143
33673192
33228520
33490666
36755306
37202792
35159405
23606767
35646963
32816118
30977920
36364163
30542084
36557956
35190920
31707149
32760464
36838418
36896917
31110165
33514008
33803674
37915930
28242334
36984863
33293599
30976161
38140450
32706850
35938469
35684389
28962344
21048872
32954541
31947821
32874670
31744049
37463987
22800437
32252727
36140986
34316476
34136000
37151681
35814725
32545351
31238601
37680204
33925068
31349710
31086419
36824148
34361687
31043680
33669858
35707619
38143587
37524709
36200679
35615856
31833075
27135349
33916278
32373623
37881336
31816956
37780350
35983487
36457344
32316418
33672578
29560454
36609678
34766350
31878160
32451473
35268638
30822302
35054879
36819231
32403362
32938019
25988131
599589
32168873
33027885
33319086
31376432
36771632
31046581
36840889
38084155
32906044
38202684
33117120
36290628
33494342
33513670
36236104
34502474
35566027
33413451
35558733
32098382
31487184
35558107
31911929
37877731
37783780
32351462
34203622
35525994
34445547
32260331
33546221
36643436
32466925
35804784
33989625
37161471
37841665
24801282
36770817
35741057
31070087
34822411
33572878
36052111
32846992
38136206
27095829
34825245
32825758
34237085
31253794
35054888
33114025
34079016
36644649
33371310
35490741
37891894
35960120
36423097
33318205
32192065
33274307
35265093
31619015
34007239
32377929
35255111
33996491
31040332
32392267
31590352
32874232
35328469
36438874
31572315
29213276
32085466
31408350
33643360
31382883
32230887
33717608
32238572
35805681
33597939
36831992
35012346
36012286
37626879
34573313
35013382
37374470
31450759
31019143
36079379
34972183
34585505
35890468
34277924
37830566
37687461
31253157
37687336
34043690
31379883
36970670
33518127
36033713
31996722
31316274
33903284
34200886
37694135
32824632
32722626
36353731
36840132
34885576
32392908
37279950
31480655
30854479
36343249
31878351
36742996
35155540
31849431
32015447
36146007
35194207
36662880
37685216
34304359
34440044
35955315
31624181
35956854
35161205
32278008
38030710
37172360
32144397
36515085
35222543
30205584
35292687
37241744
31945237
32033046
29201559
35805979
36589085
37623839
35145635
36929188
36901923
37111848
35286313
34589100
34829230
35885359
35627056
34594354
37213234
35243061
30609847
26251832
34400954
35011391
33050431
37443012
37693636
34796230
35646023
37834056
31847500
32825684
33918549
31979351
34070232
34497624
38005338
30425690
36679005
34856932
32765540
33212772
35517287
36583401
36145771
37375088
35010949
34577802
36837899
34209422
32707728
22039442
33919764
35370645
22119448
34832921
34073499
35334812
36856349
33540766
30875933
35046817
32545314
34594472
31067689
33139629
36677677
34618287
11790254
36555822
30591665
31703341
33920815
36966325
33668668
33066173
34733503
22550465
34901827
33799626
36258765
34451918
37755982
34681043
36838230
34868183
33920345
33066077
36557924
33141223
33029096
32179820
37720060
35209839
32596595
34466676
26053491
36091254
34483959
33192443
34679676
30769801
37195402
34579342
37174671
23060891
32140573
30687265
33799463
37125032
33401767
36138541
34484270
36230061
32033070
31842483
34276660
38202420
34939062
35267384
23971004
31379903
23630531
31614916
31024713
34200012
35415633
29859928
32727001
35190747
30556509
34095582
32455007
33291487
37685089
35745505
36268133
35173735
30817767
38186602
34203498
36430831
37687152
35624177
35453425
34761204
31208053
37828599
37110266
37176828
33916797
33362814
33440774
36836486
34987400
34833170
37063190
36542491
34070047
32838048
33334048
35562915
37074596
34805797
34168490
32235564
34070445
32178350
32752302
32443822
36860470
33679672
34218809
32399290
36526588
35507647
36232383
36768578
36679109
35625670
36235591
36704327
33369803
37786445
32158542
32974671
36439249
34842706
34063830
36806358
33856472
34567002
32962139
28946657
31572834
36014566
37960039
35154535
32599791
31461874
32196851
31118580
37685110
31036792
33688185
32547579
34072572
31433721
36626303
35740930
32980739
31185666
35896963
34885769
37993993
35600269
35903374
34069647
31466392
35449754
30832283
34557342
32294947
32218153
33353130
36139823
37249718
36980026
35406906
37761082
37856829
33255876
36432454
35684422
37213510
32984393
37685194
34361800
33708109
37623888
32664446
36141012
34684628
35696216
34395608
34299482
36036571
37958750
33329630
36429182
37765477
30857190
33050218
38002283
36840042
35407093
35595766
34577143
36556796
34271229
32098430
36570239
33923715
36050566
34834311
36111879
38140429
37387406
33971987
36429205
32759958
32758805
35269018
37762460
32498461
32825248
35454757
36765094
37111847
33364902
35280553
35300009
38204079
31258544
36043186
31871541
36012343
32633401
36588602
32547132
34917182
37175103
37959871
33808961
36359230
36531394
34975302
32379591
34867017
35267278
33781331
35492565
35563095
36045147
36362332
36555357
36900571
36049377
36558434
35805794
34409185
36902245
31208169
30691446
37110135
34572538
36217468
32754180
36235909
35488520
29313033
33916552
35663628
36337165
34151057
38145042
35308305
32317969
31336726
31824536
33134747
35262236
34064670
32033055
33369888
36998688
34199715
32069925
36838827
32818477
31667373
32575539
35873725
33606976
28515776
36979777
36559558
35356231
35566156
35161293
32698574
31963728
33271766
35847511
34112860
34207840
34073952
34361697
28829795
34964707
31024360
37888250
36448235
32512746
36222573
30632046
30862064
31850609
36985718
36451834
38136189
31590271
31117312
37375232
35841027
35164040
35774986
31008011
27649164
32995094
36357656
33809305
30784794
35069979
33426205
31209886
32585887
17131300
34417832
37821099
32781744
34299441
28209076
30820917
32992566
33204278
32121655
33923002
31658685
38136640
32503618
37419203
32885063
34421831
36627657
33917258
31871051
36387914
33193294
34868175
37364434
37272789
38144604
35663202
35883620
32106479
34573683
34761460
36282356
35369595
35721214
36576255
31395332
35684228
31284614
32425738
36009232
37049617
32625431
35631511
33003291
34679708
36555037
37969055
35890594
34436133
31793701
36496677
32344615
37687079
32322730
32709034
33396781
36014386
36677944
36110521
32625983
35046976
36975939
32834499
36429253
35268036
37900743
33808247
32093009
32316499
34946772
31720533
34631766
37670871
33327575
37264344
26797275
37010909
35408734
36287839
36981088
29315936
35745893
33553130
37686253
36076787
35455861
36902391
35619960
36834554
34683901
36679038
37106816
35745156
37686791
36771341
35631758
34793617
32599957
35280413
35736733
31111071
35800609
35242149
32778917
36644392
31223337
32714282
36245550
37188270
35059632
35748533
33981239
34681530
35264958
35308356
32664389
33171785
34065743
30909649
33466579
35207509
34435290
35563483
37790300
32244701
31731548
31068769
38005730
33013988
23179622
38186598
20411113
34345834
35774059
33396459
36414701
29567214
29208814
35693041
35791093
32224504
33579001
33593082
31940989
35923198
36009471
21030913
36530306
32414090
35892623
36832784
36729362
26823956
35056540
32586141
36899740
32093087
36982560
34945566
33324964
38038821
36361895
35722023
36364200
38003114
35739563
36351539
38098868
34681525
34770869
37104188
35958206
37960128
33352259
32258500
33178311
36158537
32825674
32213962
37228111
35159632
36234965
33281369
30366429
35276896
33708386
31213029
36643306
36504942
38004592
34436469
37959797
31357560
36297337
34361595
36686463
33187330
36132354
35954182
28962312
36768394
33976718
34641422
37047573
30836630
31214229
34239512
32801690
34087196
33167391
36292773
36876075
28210221
34808757
37801784
35512761
36340411
26870076
37656894
25566531
33916741
36143429
37958599
34124491
34299597
32409422
37341389
35424470
31384791
34578006
34513117
34963040
24949473
34205409
34498144
36864230
33418992
36831985
37137909
35890166
35580407
32985977
34163450
38201083
33917948
33214589
31635073
35958915
35956483
32843013
34202118
35681296
31331090
36557843
36010515
34358165
35352978
30515346
34685980
34069026
37111332
31341477
32260262
35453479
34993320
33356979
33262772
33281858
36235587
37504580
32667590
34501575
36290632
35678663
36139209
36840140
36062030
35634383
37375952
36900562
36830039
37812313
34588765
34684638
35211745
35890402
36985442
36500707
34684645
35804772
31196135
27070567
36850409
28588266
32046313
36118764
33804143
37765362
37836403
37048178
28111996
36335358
37763199
34834688
35159425
34957190
30274312
36768265
36012299
33889165
32443406
34209423
36671887
36840211
36978836
35615125
36140954
30873115
31191707
34484254
35952671
37987875
37205285
32398117
36040487
35407144
31450667
32416815
31396400
32973492
37107518
20111684
35660742
34067144
35669961
32019276
33121102
35159633
30996434
35454675
34425939
36836949
30872788
35877723
33117150
30249055
33176158
30604768
33147748
31727973
30657764
35410533
38003691
34057579
33435379
31766518
37502840
33478393
36951548
34093183
37755267
34984324
33933447
30621069
31042703
33952783
33096847
32612370
35208216
33412125
36632095
31720227
38203300
31766565
32116773
38282024
36135208
36132653
34068525
33622191
35973426
35234611
34796340
34475444
33374137
37240765
36677057
34552954
33382985
32388553
35127885
36937681
37153236
35563604
36441689
31119834
31952989
37168733
34018655
33260769
31295842
33042532
32882923
35209838
38187759
31096561
37685109
35741944
35803258
31481471
37746944
32266113
35185538
32166273
36687617
37755270
37762567
31354760
15592456
36003081
30939790
35491604
32707994
22645538
36671779
35989801
29564976
35360690
37931956
37875637
37335605
32197435
36726076
36809406
31640255
32123584
35730369
36970308
38062283
35233357
31191118
38066384
36297811
36215891
36900437
37604951
33917147
35643228
31164897
36935905
33344867
36717800
36819690
34485485
34514161
35474033
36771957
33212792
32947835
37089535
31614208
31137794
36713219
34646151
27902727
35160072
33030792
36501004
33970317
28820493
35582223
36990993
32272788
36744213
36046494
34737698
34281251
24950438
32509736
37896233
31374889
30987311
34065200
32036791
38005180
35393728
31931716
35326153
35630666
34045641
34072010
36912209
28981459
35628887
34136152
35890396
37123936
36558050
36555364
35448548
36060774
36671721
31534062
33133679
36557810
35851766
30935415
35729658
28157307
34863742
35518081
36766085
35216263
33795597
29476238
31861265
36197525
31184789
31659416
37865758
35517983
33067808
31402913
34444706
31212581
37959083
34210093
33807411
32411700
27721914
36139835
38138434
31126086
34339015
30766792
32967625
35745226
31921098
35326412
37764302
33466319
32751312
32117202
25621587
32863574
33182809
36866265
31714906
22428126
33110367
37233639
35027818
31316718
34639087
34750194
35217779
36296947
33811701
35164150
34880756
33682165
28674681
28505084
35268605
32193285
36291590
36013319
34356363
34828815
32038544
35979535
35406845
36839955
32252316
34829088
30714532
30373159
33671085
32705198
34358062
34487863
31100089
35807423
37992002
36012227
32060354
31746508
37151566
33114191
32824270
34336977
32984275
34035796
36671060
33800407
34943066
37758813
30836959
32337247
32298339
37499237
33409256
32922473
33143020
36387565
32210931
36530419
31936246
35204087
33639161
32328058
32867195
32033405
34205438
37992319
32447616
34472193
33364229
35521543
35255946
37780749
34065038
37049998
33520016
37174547
35163926
37631127
33669787
35615133
36296735
33587232
32595359
33330595
34328997
35615143
31717543
32695210
33935790
34262961
31915441
35889203
34142133
36716213
35071288
34061881
37892538
34709306
38002239
35660737
37242830
37279951
34828880
35310031
34945618
37111247
37271511
32574169
35991897
32317662
33489379
31549668
34531939
31857894
36553832
36297591
34944248
32526841
36688122
33513727
29997698
33126534
33183241
32973833
32797195
30847120
35371156
37134101
33113877
36184984
32375064
36232348
37761052
35513504
34574251
21942574
32340400
31547442
33498549
35326134
29948216
36749754
31681339
37242556
38102588
37374143
33553856
36713153
32910403
28568316
34495560
35682633
38201802
34347467
33479755
35669069
35529038
35630805
32429274
38137179
33383900
22852062
33656802
25724132
31890916
36337644
36679020
35744236
21949679
37726325
29064442
32498428
36834045
37185919
32216058
35164035
34905220
36937349
36230284
27719692
36834701
32899727
36193423
34216464
37343642
32739868
31771940
36987052
35774637
35131442
34940595
30729526
35968187
33800892
38071359
34208832
37971264
36217154
35991874
33114692
30670020
35627078
34026822
32716356
30024129
34781638
30925775
35449807
33212751
33322063
23894612
35578709
36771031
38264026
21095007
33279327
33029349
35804520
36432617
35578728
30199916
34906989
23622254
33529838
34773488
32670573
36670962
27527154
34127730
30700282
30866940
27989119
34604034
32231043
32059524
24039943
35845642
37522955
36133004
30572682
36510618
32575007
22536352
18834849
34575779
34070820
38005802
36144812
34415021
36845488
37258800
34093490
33507635
33981240
36014776
35745210
34829118
28487615
32106816
34778436
37065671
19489738
26973643
32906829
32007629
34205142
36249561
22853725
33363552
37215713
35682914
31641699
33360353
35277025
34880614
36142560
38062440
33081704
30934888
35050091
30524395
34043248
32106613
25485178
36832893
35804674
34202618
35010183
34829066
35134987
36762506
36675214
35616143
33171600
32448144
36119569
37887375
34502164
37663255
30669467
34057884
36683035
34131230
34442269
30823457
33114533
36117670
36578344
36835626
33922733
37110830
31600956
33725374
35741376
32604865
36071106
35873728
36768334
34537680
37701456
33776210
35406802
37765460
36985301
35646547
31336279
35335128
37572059
37648867
36835684
35369065
36188141
35812976
31752176
33525494
35231865
36217466
31824770
29589124
32784390
32742023
37960074
36506511
35453329
32260119
36742424
33266201
36936474
36673435
35082904
37240733
32397336
33081119
37692204
31024300
29731759
30106544
33976753
31108401
37566001
36558132
31412665
33053754
31596735
36061761
35637315
36211787
37220556
36590414
37389646
31936720
35454159
35163093
33266005
34681557
34439512
33886681
36033884
35050078
34204518
37753594
31137512
30637930
37292271
37887347
36234870
36130298
37895803
37760001
34824321
36247554
33558789
36300165
36978952
31766411
37920525
35642511
35953809
37001361
35407123
34205209
38005786
33483035
37134237
30306718
37243296
36770593
37460643
32685091
31261861
33029162
31877675
37958572
36845482
36295853
34677423
36675004
37229244
34681410
32272580
37570757
31877968
36422225
34438866
37174355
32837716
33808726
37107414
32117975
35267287
37559132
34681308
31247974
35194983
31978345
32578027
32138220
31816941
35440878
37779696
34440695
35251064
33150587
29194365
35107329
34276738
34646531
26526081
34485895
36080263
30761098
30660747
37762060
34043661
33767946
30236697
30619387
33343392
37152763
37409961
37072682
30717099
38201135
35206065
35954100
36692535
32071608
35418297
33919419
24433341
33193155
34078922
33398476
33740240
37998545
30643280
34001876
31134037
32728407
37731927
33387481
37111898
25999966
32111071
32117988
37233637
37102180
32637669
36961129
35888745
33396461
33071348
36986485
35341941
33670010
34507643
38131965
36296318
36732033
36498947
36432515
35005448
37447563
38204815
34451728
35093653
32150807
31375002
36296348
35449893
32047525
31098406
38187945
34250670
33169717
33161526
35269564
35448255
35744447
33966845
36768970
34681419
33238601
36035661
31065551
32635215
36337617
36678224
31509711
31867221
36061783
32751065
36082139
34025692
35976799
33956833
30791398
36145768
34557678
33424879
36140017
32517233
36518515
37616241
32455926
35955577
35854972
34204669
32751614
31379971
32831877
38226314
33281805
33062286
34948113
32326547
35328788
36557333
34515606
26872597
36984730
33530651
34158109
35371165
32999840
34684835
34299427
28336806
36673447
36267944
36677678
30782133
31888183
18224312
31001275
35745725
27104573
36693567
25597891
33425860
34361670
32148553
35784787
32595667
35547865
36851034
37170139
37433052
34680029
32295015
30901866
27483244
37836653
35216366
31151596
34547953
31029105
34639221
36838904
34645502
35163008
34441729
32927362
37959042
35251075
33735685
35628281
35483143
31010822
33732231
38201995
32823692
34946829
31262099
33032214
35502487
35454748
33781281
34996897
34437409
33872929
34040870
30984230
37174441
30505003
33154989
31386671
32258095
34943152
37076658
35681333
33116344
38188089
29719736
34055737
35173694
31374913
32908870
32069959
35675210
35479755
34769237
32339801
34877530
36707546
37693795
34681701
35184365
34090350
34827118
34371952
37674737
36500339
31879671
35400953
30728059
35502205
37174401
36014338
32098306
36365442
34682374
35755659
30939149
35498126
31849615
37896974
31426453
35587352
3921689
34646171
33491748
34487716
36536613
35566120
37375915
30813234
36039478
30864694
36144182
30641977
32439610
36140345
32047677
30766654
36113343
33024703
34582846
36304835
34277704
36765904
37147729
31307473
34723288
34603358
37108702
34822500
32164325
32288229
32028646
37232752
31159283
23215859
33801846
31405047
34572022
36107382
31562618
32717948
31765890
38058630
35406983
35767947
32796811
32354190
32626575
37156497
35689490
36388499
31530260
33171602
37111825
31541139
33644051
36559521
37075362
36438817
27706020
35811622
35333288
33396521
34526891
34202412
36372013
36010415
30935087
36672947
33024436
37376186
37571003
35118020
34887750
37176903
36274249
34201805
35205973
36230108
38165984
31297121
37447138
34072293
32825710
34945519
38203630
38005745
33430385
31286388
34441589
31662964
34222199
34947962
31398785
35681411
36770820
30669571
32612231
34662536
36500730
36806679
31805720
33102877
33105786
30669983
33980446
33453341
37835938
31443236
35684518
35897638
36079788
32493486
35471665
36985778
35459897
34592315
37959998
32986050
32207683
34754632
31068616
34064846
35976526
34750416
35284819
33090260
20846424
34475866
36139745
34539746
35009635
34762852
34577635
34445420
33126767
35589875
32825204
35408501
35009143
38063737
34542586
36998651
35047549
35017602
33327619
36765188
37180934
36925963
33520014
34819855
34121876
35935254
33511704
31554332
36677021
33659806
35987106
31293606
38123687
34960040
36193062
33800104
37107502
32578994
33071794
37375922
37836725
34207411
36981048
35936442
35566014
34946505
37745993
33927629
35521360
30666578
34443475
31681788
37664726
32508631
33117787
36590432
34200160
31775329
33525347
33187049
33425263
32080752
35057010
34991219
32071543
35541370
33499004
37820414
38201856
35204739
32679686
35425800
37685257
29565834
35323659
32626186
35633681
32183060
30577557
36771612
34746014
30205598
31835168
33193512
34977199
32328497
25538865
35864499
34589106
34502454
36341434
26798653
32823876
33255370
34257355
32069964
34410445
36064718
35360336
34564437
32062294
26521685
37959130
34832858
35739995
36010464
15107043
32393189
33258472
37854313
30986984
33202681
33097070
37049455
32741357
34579445
29445111
35629945
36770043
33479308
24833039
37098528
36673443
33396775
37770920
37264424
34778665
37887403
30911015
35643569
35267381
37175606
31442487
37910458
32514106
32874299
33498684
31803070
31264961
37780291
35571140
36986053
34867398
31908547
35464010
36076747
36590411
37561679
36051539
29468117
34926549
28627798
34827094
33923419
35755358
33808993
37880311
33744614
35959272
36816489
31840106
36968425
33379308
36431852
33098223
33034870
36518262
35677560
37107450
34071677
33644545
33284610
27303427
35614083
25404933
34210310
33339141
29734792
37138825
34685573
23834507
33121035
30590734
36845970
37853334
36893463
31921054
37720734
35832225
31959971
35847078
37855014
35432232
33573160
32673321
37435826
30970675
36283829
34836151
34816825
37834427
32514747
34197950
32726597
37048263
34283595
34600652
34780749
36199247
31697744
31725149
31333602
36135524
35602025
32963690
35359723
32523127
37174389
31711607
37685116
37048190
33193218
35068547
33866756
36845062
37211783
32872583
37458823
35163530
36501261
32984334
32019983
35180432
36839189
29094808
38317983
35405983
32283809
32171170
32566180
34578084
35736741
33318439
38187944
36148011
30995755
35967790
36185649
30765752
33920697
37328448
23727937
35519812
33010000
37914704
31548496
31366099
34202068
36045143
30935131
27340382
36048736
32296293
37908839
37438442
36277869
30669549
37877615
35011440
35621485
32015350
36193152
33572225
35928835
35012105
28146060
31340428
34661775
34063124
36473877
34687252
31514265
34458779
36743579
35656733
35599902
37958943
35326112
35267361
30267562
34203691
35408555
35809085
30923582
31680958
33974975
33607159
32033220
36003525
35310662
37187524
33204680
31597384
34468803
26834637
33800782
33174095
35479629
37653969
30443731
37368660
33481815
36499423
36819681
32867682
36676964
37954150
23577705
34574188
36980847
25610867
35330292
35783925
32611317
35401207
21736706
37885442
35628802
35251206
26501254
36834952
35600137
37929993
35280535
36829976
34987544
36418713
34206361
23476125
38179486
35408672
35010977
32079139
38003492
37106854
24126375
32751657
34683434
34881075
26524341
23935670
30568375
32509879
36421817
35141436
37242558
33087042
36306372
35410130
31240275
30857174
37942231
35806170
24449373
35268837
33203174
38200806
32521831
21301866
34407405
34501743
27941619
36577268
35202294
31998711
34315520
35685633
30744324
37693574
37858063
37124753
26385554
32944531
37217557
31130646
35479320
33504029
36978848
35206048
38094882
33485605
32152358
34638760
37891880
30617517
37375790
33101231
31232690
25198004
38005303
35371007
34466757
30622023
35147079
36557640
34254921
36756040
33845836
34693710
36252879
32066766
33758168
36817114
21801436
31353694
35539808
32466402
34606948
30967780
30678374
33741035
32362874
34578161
36829811
37367540
37841397
36500595
36210810
35300604
35858942
34200447
30999561
35495945
32967310
30864782
34917134
31091729
34122385
35174163
33833232
37107478
36830233
31783711
32093344
33082911
35515679
33923111
36230953
36532522
30424495
34980145
37723186
32089781
34016054
35889589
32992440
36140987
35449536
34686145
36438726
37954375
30925519
37721296
31427665
28974032
35284432
30787921
36386646
32149336
35336667
34523995
30338910
34071903
33669729
32668641
31080547
34441569
37312869
34646372
30397930
29344754
32231026
34949749
36823031
34572923
30081787
31328128
31018625
38137219
29084170
35564043
30368524
37685132
28231182
33396752
35740432
36296468
35053973
34684821
38136212
30149529
37959069
31817505
33101347
22253989
35120554
31454898
36845491
33503414
33562294
34359483
37375421
32192189
32652351
25232705
32059460
31391046
31774279
36841802
35295310
32865406
34287323
34070235
36090075
32486494
34458975
34983391
37759968
35564001
36553825
34834395
34646367
31383910
38144744
31991658
32290284
37020398
35208692
36151542
34817917
32765438
35008639
35207426
32079236
36430215
35218183
38102541
36172557
29408919
33198744
32138269
36304159
34774559
35566113
35197857
34436260
33361317
32318116
33804712
36297768
32508849
35858994
34135987
36144180
35656369
34398518
37978424
37759673
35498681
33557308
35630661
30622408
35845707
33598460
33776462
26861391
24175570
31011292
36501342
17324258
34372069
37436646
34157031
33803750
34371691
35406958
35928943
37958768
32120815
32007664
36142578
36558068
36501493
36294262
35214831
34984952
35958907
32395900
32340350
32610691
32984324
33488646
36771079
35466890
34885771
37206028
35126801
34069527
32784926
32047520
27786274
33915814
31557798
29183656
37048238
35573887
27089334
32635447
36978999
35630528
35283776
35600962
38005696
37764034
31384775
29152458
37107279
37110224
36836689
34884945
36699093
26901206
37222357
37843801
20286556
36973662
31126110
31861857
33800930
34451681
33791332
37168229
33925094
33363559
34679656
32272742
30978923
19381356
35262828
32906610
35136371
33438322
32317686
36582904
33923833
36655103
36312960
36811778
37541125
37836422
37692425
36507274
37395731
33686547
35795349
34754969
33807131
35052572
36119581
37045920
36108705
36235043
35425061
34372008
36147241
34689067
32369965
30620077
37048367
36010418
36359990
37942074
38169020
34727870
31661886
30934720
38110917
35184199
35054921
31183435
37965899
32180943
33105874
36364627
35776216
35498714
36874203
34049883
32001762
37761123
34681315
32545511
34060397
37841134
35495277
36365296
34371700
35204085
36081789
35053943
37123833
36387964
33799549
34981123
36981260
33669902
31323791
35268624
31817999
36771347
34945684
34834707
35837463
35424920
20877214
34576159
36765346
34504870
26752808
36986155
36457520
35630771
35624885
31299895
37041465
33141822
35859139
36274116
34573132
18334029
36896463
28512464
35866834
33642583
36596057
25647579
36974173
37166431
35854944
36432479
37257315
30736356
32535781
32625639
36320360
34959737
30687339
38100716
27252589
30506091
32117103
32846192
35720307
34019062
34574199
35163897
35249149
34868222
37049984
30634627
31848196
26205062
34152583
34299655
31779081
35571983
32073619
33246356
34658454
31444376
36909852
33562524
34207006
31604384
36670885
34869542
37274537
34150826
33233578
31509549
31035694
33503922
32509875
35271861
33494455
23243448
34305855
32883012
37160774
34342217
37552331
37733579
35178447
31239507
34487637
32780760
32075998
36431712
36500322
31792228
35163876
35481189
31863531
30995307
36014572
30657774
36760304
37175666
30796787
35328507
36937343
31146372
32785157
35668998
37049865
31297034
32962060
34577165
33114638
33489039
33403280
37237135
33354638
34279444
35011093
34460566
31285784
37623834
34945691
37608348
36901921
37623843
31434276
38202659
32429350
36329260
32674478
35448750
31024689
30188980
31817273
36421433
36547641
32587453
36845501
33828161
30708038
31357645
35615438
34799309
33919953
31889746
34684758
35700570
36551514
29165404
31810272
37049573
34047335
33503463
34659946
35155947
32549751
34196858
33082747
32702980
34578311
34961163
31666959
34130710
36068248
31795097
35267354
35321499
6195482
7131293
37854110
30934945
30923042
31616422
36501418
33572524
36607408
30964661
6515125
36234940
36553789
36993984
31620289
36076738
34080840
33478602
36140874
35774546
33535442
32375636
31539414
38144087
22665943
33916634
33819867
35069660
35057501
34771164
34679776
34733285
35211493
34168167
35200487
32033004
36835052
30918643
37107445
29992702
36555647
38231937
35804802
34659971
37175940
35684485
34858629
35065861
31320841
35099786
36904331
33792781
32903580
36675235
33195684
31815461
35717541
35600294
26781612
37761965
33908526
28613297
34574258
32219697
36835763
29545525
33623735
19775161
36845498
23570618
34760259
31215433
34071244
33132880
32388818
33353811
37103191
35807707
33352670
35885408
37662818
32764387
34834148
34484450
34871910
32884711
34201704
36376811
36329708
32626413
31003502
33670385
36804339
35267315
37112055
33071096
34681338
31681019
33267837
36557951
35693185
37062401
24151557
31396488
36673416
33198344
29204109
36553746
28854936
36840217
37006618
31324830
36698019
36296484
31717553
37225398
35633724
33643073
33421508
30393541
34163526
30753607
31146695
31245637
33915979
36059469
35804749
36979154
36292947
26452052
36909399
34026075
33826653
36960093
34722271
31572576
22303971
34068197
37129449
35407082
36982123
34436329
37515625
34977134
33091694
35269616
35572205
32444786
33757427
36146041
37275652
32327685
35614856
35198989
32670223
36555027
37960084
35270164
35956502
25015319
36840093
36835742
36369181
34484256
31416614
34298928
31191472
34834354
32708788
31540276
37206329
37324731
32990910
35969983
34579448
36687170
33305283
36160964
32655303
35335242
33788875
26046541
34507213
31893584
36842961
37108434
38030037
35011414
36144599
34539743
36466280
38255849
31031786
34122475
35693176
33432937
36277743
37687283
29456243
29784821
38140408
30360570
36937352
36747784
34014986
36453131
27187468
32875528
35893263
35345424
33409936
34495505
35686291
37635987
36524052
34413462
34360856
31888281
35684376
35408795
36411421
36999713
34446504
32368044
34028078
38192942
31286451
33584185
33029435
35480128
37172034
37407810
30789700
31245763
35085251
33348292
35159755
38132941
34934608
31464530
23256020
32572117
35057109
35043161
36836698
37367648
34799594
31038955
33980145
35455477
33015285
31683580
32397309
33336066
36213379
35497354
34832525
30776978
34071444
25374746
36431899
31979036
35009055
31824416
35205413
36768679
37111209
32180777
35741869
36297774
22728369
34757298
32492595
34500788
31126966
36290743
34328248
36774585
30605883
29206203
25609920
22489153
36496710
35698764
35008465
35848658
32992212
32341973
34522580
31947863
36766166
35990357
30544726
26703582
35231839
28824675
36980580
35221861
36467686
32858853
36771303
35306596
37876454
37753190
37977328
30469489
19924086
21193847
36339323
37894530
36936835
32370180
21687556
31671559
36180490
37755278
32405390
20822545
36837906
36573332
38144789
36479508
33260317
37868958
31387934
36766112
25815077
28603686
35566118
38137254
27630120
31231532
37893681
36362930
36353459
36264116
35593269
32626110
34978628
36135493
32893900
34685262
36496720
34679761
36904147
32722260
22347733
26643037
37130976
32090083
36085349
34359531
36311407
37101299
26274803
34533621
34691318
30923517
33672446
34836095
32661633
26104834
36499332
33400324
26096006
26875784
36814479
25109778
33809941
24659483
35683996
35832221
35663518
31921309
35009056
34207143
36299559
34631210
32213805
36204209
31757105
22934067
31684148
26901172
35161399
36433081
34200509
30521980
35610561
25191617
30691140
34149445
33531080
27461578
32733518
23326287
35189071
30697171
33540692
26858330
38194011
34070362
28800607
30655714
35634149
36573158
30324199
38145384
35335146
35190649
37623418
32694523
32916220
36904061
35659521
32155913
32138379
36900622
33260430
32397073
35737746
37767060
30619512
35150746
27505692
32655772
32917020
35855265
30837538
34572324
34085157
35423655
30776234
35480754
25346740
31213878
29303991
32748857
37107515
36512573
32244669
36119359
35889346
34361671
36526153
34573133
37046989
35403087
32123599
33419090
37891960
37597142
36296283
36147676
31690333
32408670
34489949
34491744
31227743
36236259
37999203
35811948
32075117
30952941
31171565
31146480
37996657
35308403
36568438
34948600
31683578
37081853
37181826
34070275
34489732
36900613
36199815
34276362
37176971
31750924
36206478
30129039
36672146
34833939
35958811
33312540
36675229
31149732
33984039
36590503
32187689
31333685
34502198
36557880
35184185
35385913
37823165
37120701
34650432
38045760
34835523
37834435
36890181
32416838
35807302
35273160
36176456
23679950
36430415
34207319
29403864
33946973
36947551
35956962
36834661
34357349
36235239
30918634
37002859
35163628
35628142
30941040
34082289
34063091
34834038
36422521
22452347
33322114
31248771
31614852
27435012
31328391
36941961
36543883
37437195
35216144
34108946
35903642
33804186
32375322
6048798
6048799
36795167
36673439
33562146
34345382
36532518
34945704
32933030
32070060
37429932
35622957
32688306
31357747
35633714
34829624
32784698
33198139
33132734
35978688
30930881
32802116
35164231
33747017
35865802
34262091
35973068
30182861
35855689
30872786
31381590
30889814
36009943
31405020
31667805
36422239
33982817
32003299
35811818
35336690
34217203
31703284
34451701
36158454
31355128
31319801
37904137
36998665
36594059
32060812
32722192
34828946
33535634
33299735
32560280
30637337
36677786
35216282
31505821
35634465
35684514
34826657
31736740
38136230
37049515
33143213
33317167
33277360
36904244
33088949
36839349
33178164
36902200
33200186
38005310
32215361
32098244
32456009
34012490
32306507
32640331
34896589
31547601
37836500
34946135
35646045
35794911
30875872
32961762
36238306
34371687
36721386
35885308
36677749
36829817
36552572
37111165
35622910
34485506
22558083
37701635
33424395
31003533
23171218
34441621
38143893
32128023
34064408
35627035
36987040
37867304
22645551
23263794
35681331
30917556
33419317
37106867
35426615
36771380
35563963
32164165
29110086
34263109
36677575
36905289
35892554
31569478
36981119
35452495
38136149
34073564
37959005
32269150
36747357
37051360
33799904
31174371
29603563
32872300
37089900
36839278
35053936
33750130
30648563
37665781
35267704
37736572
32892543
34347781
34271878
35211143
34201477
36531340
36285329
24262549
37175319
34574106
36846747
37686938
33924640
33406625
34574244
36010405
30398375
36429229
31684142
35630255
33946926
30781873
33808180
31065398
35681336
36140985
35681339
32992447
36452931
32012995
33987017
37050058
32595661
36557904
31370193
33291602
35498963
36840145
37780305
34946646
36518487
36275543
36710356
32842714
36557927
36078190
37107440
36079856
32640626
37701748
35440885
32498420
35807739
35567225
26389883
35850241
34944258
31581571
35840645
36900490
34531722
36307985
34867345
36330263
37780249
30995749
33732390
31626277
33809449
35508141
36860975
33831088
35689011
32503349
35844919
31819193
33396793
34671163
37264059
32857789
36979136
33918785
33916356
31143241
37138123
30110413
37634384
37665362
26448722
35919573
32653909
33432407
35769558
36076761
26673527
31112574
31554276
30555495
37958124
36230125
37889901
33957231
37685105
35495669
36500853
36671733
31416184
33072764
37764478
36294402
37163139
20836867
32128005
35807109
36314755
29053578
34329485
30935053
31303699
31083417
37014681
33348639
36578720
510630
34108969
35873449
35873965
77230
31905710
33546161
36010419
34027955
7060790
34093753
34944444
35206077
36466240
36439105
31480258
33531971
31540036
36005575
37095368
37288265
36678733
34141902
35712719
35178192
35677650
31744211
30766932
37623381
36555619
37842659
35325926
34680678
35050982
36483956
37758969
34987515
37486973
38138622
30697217
33477894
35010952
32373384
31198861
36290573
32019216
37687184
33879316
32764441
34944542
34504353
33396516
33495334
32142632
33640490
34828846
32340404
31598260
32532150
36986170
32824511
34947007
33240900
30791492
34488774
36237764
38039367
35024121
36712523
31721422
37835344
35276881
37920212
35956436
36118741
32161752
33642584
36556250
37202906
37885660
38140125
30837983
34539744
31861217
31940832
35909738
36232683
37189742
25153139
31611894
33134328
30935161
34738044
33719421
31354750
31382400
24593159
27136520
36840201
35048075
22328076
31887119
36432402
31244948
35935893
35600538
32887323
36464922
34183453
37107485
32180767
32684454
33251370
36670896
36876082
31835827
23829495
37761205
36836280
35337149
33801283
26742084
23194438
35326155
35050188
31097039
36676943
35174351
36263122
33287375
37816783
35498711
23562839
23967197
35721568
37049953
34230754
32010339
27146851
37840106
38133229
32071791
32793202
18655731
35740019
35807606
32650359
37291768
27303423
31382529
26023940
36557326
35681294
34171156
31235863
36142878
31665439
31540128
35950245
36439846
30721958
24416297
36556474
34300989
35548353
34744513
33194817
33478471
37131847
32615241
31558734
35530063
36670927
37841617
36364110
37577683
31768275
33321045
31683791
35515607
37367927
33049943
37835355
36818782
34199904
36837731
34507748
33445606
36362345
36097258
36675947
34298603
31382381
30990828
31717867
38027632
38201840
37664754
36500598
33889782
33256059
37174396
37894909
36005126
32742921
31001485
31588123
34532384
31330977
31695138
33801636
37247782
36726056
34066601
36347946
31231657
33662384
19220020
33052601
37780284
35387197
29437245
36417087
34834623
34684862
32148801
34836291
33582784
34961223
36679116
33919309
33511116
25101260
38202832
34184914
36566483
29983956
31402327
35898713
34959963
24792668
32575710
32899554
33905762
33552612
34867052
31663853
35736174
24528243
34200820
37505782
38330616
36503290
36792066
34834309
31134090
32405386
32867982
35645584
28856210
32292755
37893651
34257813
36702867
37835291
36496924
37685150
37834015
32077471
36435232
33053854
34944163
37743910
35392808
36677673
34445619
37743927
30941113
32408635
34566977
35710404
36677959
34272462
33078096
35736145
37764307
35747156
29147990
35736410
33539421
28566493
37110240
31505888
34202594
36313445
35008617
32605291
35831788
30634606
34315377
31489907
32717940
32123507
32013183
26167168
34977152
30485761
33042180
33805830
34946055
36157190
34537609
37693834
33927563
36079642
31795104
34211233
37959080
34065192
34828969
34699563
32872233
33499562
30744367
36558128
30949040
31194674
35525939
37107254
38144823
35408568
37292091
32734268
36670909
33922630
23602247
37207112
36425335
36235465
35626955
37868368
30777812
38100949
38201046
37170520
36297052
31243236
31188968
35626986
31458542
34579055
36736496
34276593
31136626
23681010
34812659
35356917
32233073
33499383
33374713
37764602
37556348
35201538
33340548
35334790
33915910
36230156
35326606
27671823
31362062
32038545
37232915
32429334
34917788
35563043
31555236
34202792
35630763
38213420
31547052
34356142
35691183
34833974
36234679
36060474
30911547
32670395
29632321
36361672
31839688
28208713
34884809
34295242
30909645
32373198
25719250
33675348
37685204
27605335
32727139
34070757
36432485
35457645
37663469
34071919
30786032
30099571
35955443
36742135
36795638
31591287
37900921
33920255
33142529
33494402
37049102
36358542
28216592
34778641
35454481
32842641
33187069
35887003
37069596
35462942
32429343
35628541
36862881
35283622
34397735
37374632
31223464
35424427
34859180
35276978
32509239
35661112
36547646
33194689
35160898
35685830
34204744
37878988
25926860
35187022
35884109
36119632
35165646
33424596
25821782
31933526
30326617
30871258
38137307
35878234
36558047
34444641
37061729
31950051
35696229
32179174
35677543
31671789
33606126
35055215
33503217
34574322
33922933
32764407
31645949
36562043
35453437
33920256
32942597
15845254
38093819
21089037
37780239
34190991
36189329
35747731
34261525
34646550
35208993
36726562
35854244
35761969
19545522
36160435
32995636
27898039
27695032
36834366
34678975
32148800
34734657
31139394
37960063
36212298
35456844
32225101
33882831
24453967
33572049
35301715
18954579
19190742
34094423
35908956
34519518
37179999
34267232
28151648
37447136
26247011
33668708
33322081
31890022
36836708
36766055
26389737
8074474
35486443
33392239
35009011
33228403
38144758
32825718
32560249
32060027
36670975
36076928
33092225
24278786
33198336
36553733
27749893
27455242
25684238
37020304
34572304
24971152
27558805
30622614
27293463
31799324
36743580
34210079
34062882
36303910
37215911
35515688
35701545
28139696
29294389
26207160
37836729
35844411
30881596
37780219
37888451
31450819
36303429
32899910
35362883
34772809
36495177
35415627
31857234
34769239
35356248
37755098
33484250
22407645
29977569
25350882
34056161
25151970
32164197
35780837
25620968
29579114
35453804
26504561
33737719
33624824
32957435
35056509
29161600
34832897
34209152
31484419
32985597
38203654
33023113
36035721
33123212
34361616
36145936
36174107
26179871
32882848
34869921
37208353
34828963
34113697
32102948
34073771
36985518
32960942
35215280
35807542
34881079
35287355
20471996
36009533
33934527
34145990
35777607
35407050
34691021
35053773
34867927
34356313
31502171
33535455
34926434
36079205
35892328
36119016
30813289
31906540
33807728
35145075
36697972
37836659
31921395
31022967
30862073
34885754
36978813
36479487
37685248
25348611
35164163
36429317
35159558
36899722
33276554
36835596
32626321
36986642
35010963
23349777
31717398
36108697
36010393
36438170
32708636
36704799
33227936
32885282
31771683
32169892
34914731
37762612
32957493
32854326
34208952
30317628
34579137
35804609
31600964
37446980
35164230
35955788
35336654
21566799
34574159
34638800
31387219
32884693
34724824
32537944
36307422
32326622
34441568
29890662
31399017
35415660
35759473
33344630
36430843
33673085
32704894
36654090
26348427
34312460
31303821
31892111
35268625
24731541
36840214
32739746
30130469
36839592
37375914
36432939
36673327
34443442
31724339
35564083
31723189
34579381
37110583
37375929
38175418
34200252
31416129
36976067
33294660
37960133
33551685
30988996
36523336
34475721
32002761
31849423
33603663
35924049
34771155
36936282
28587101
35684317
35050207
37693918
36830178
35531235
32784357
33802470
35028454
30304872
28558440
38202345
33805546
35547116
34828906
36981103
35354224
37587696
37610102
30621304
35848700
35887101
37687171
35619588
31068038
31150474
30584459
36479499
26157708
26779021
35388303
31096592
24624146
31569403
30309540
24503973
35011497
32288682
35624749
37505711
27454768
30763313
36843954
35990319
30897972
36421431
36110520
33256251
33312959
33609025
32456259
23406403
35806021
33260997
36369996
37110733
36362320
37005395
35769305
30233306
34336089
36142301
33507559
32348135
30877034
35281259
30103023
31885810
32899442
28848500
37241977
33466491
36429308
37949437
34202628
34346245
32120971
35327376
35937040
36395282
35581590
33745432
35214104
35419162
32269947
31744669
36235294
38202399
35371170
36496675
34118188
35002287
36553776
35050032
36501043
37048372
34451636
35163835
30694974
37894979
34204101
33532358
35646459
33935943
31810250
36768717
34197709
33928144
34442705
35989201
36230101
36296406
34527703
35268696
31261014
37712602
37131867
33567582
35203806
32128101
33187302
32883047
32182887
38136170
36830060
33352046
33525745
35164401
35050104
31447547
32693756
37841664
33572099
36557318
37104904
36161035
35406347
34500747
27240331
33212815
24192144
28820497
35407117
33918094
32198676
35889814
36296470
36479510
31072918
37999259
35739932
32655263
36545317
36677882
35009072
32028721
25340982
19074743
35407036
31398846
32872510
31027270
38201034
29907155
31618904
34068826
33402844
33233759
36320352
34408545
35116002
29881442
36143200
37759973
34725351
37049706
35506157
35685870
34307055
29797104
37433201
36632433
37102067
36677754
33043195
32847101
22745732
37181316
36144521
32013065
34950157
36105486
35991569
35834514
37786771
35350293
36136726
36295829
31867030
36867611
36815133
31817759
37340448
34961185
35273504
34575139
21214244
33147689
36875561
29617324
37563565
34695292
32471217
35299761
30846903
33188280
23768378
24957244
34641344
34439361
28452944
35516501
33920726
37108053
31787991
37235031
35347164
37835356
32626273
36739426
22352867
33754876
36364268
36656368
35520625
36295538
38201203
34579322
31632507
22346620
38148864
38049537
32512771
32977669
34703626
24517259
31035534
32434830
37048209
35745172
34201882
31466652
37958941
32272796
34946590
35270049
32840866
38269219
33737634
30841508
37419681
36998951
36742439
34534695
33918886
37958579
37687348
37840053
33343546
36430146
36291651
36766023
31001289
33477577
37048268
31614797
31614926
33923028
37048277
37626328
35231706
35781851
30237790
35024607
33218014
28874722
34930275
37908838
37197287
32653930
32577515
36297708
31859568
35497970
36676083
31890163
35479032
33716737
36293506
31847172
33800970
27366027
35499018
36519309
30990736
31805976
33287193
35956891
34056347
33562781
35889311
33519777
33057955
37175212
34827309
35055150
32932916
35335477
37656630
34828980
32075192
37687224
33204411
36046016
37845313
34483907
35668932
36605381
32377290
36718410
33076426
36230218
38131791
30991695
34441045
34583637
33935709
33467615
36671072
34828899
37111267
36355171
35329893
36936291
34827877
34754152
36014186
33539435
36981228
36437625
35050108
35009027
37760003
34944503
29186951
34054540
34235148
36832913
37110291
34066963
27433496
34070170
33676443
31354906
34751901
29439523
37124772
32053674
33160363
26555822
35684400
22205877
36735671
35294009
33047357
32708541
33402821
35858888
23612750
34139598
31116628
36356054
33964151
36284120
37780312
35052631
35717467
34723037
35132640
31035513
26393570
34249062
35396458
34737514
36500716
35215469
36844911
34395119
36293617
30783988
37624182
32722550
36767350
37309430
35878266
34204278
37995005
33936129
38107012
34579460
36476678
33488647
35047558
33238411
37836558
31775632
34820243
38164251
31973020
31968542
31201696
35897889
36261666
31817128
24859308
36671533
36388524
36704431
32714297
34539706
31210171
34955836
37684287
35207111
34585290
32987723
33790924
37235021
36904014
37840714
36359120
31243985
31600335
26187596
36557140
28824660
33946966
35906265
34141914
32599771
35177693
33093471
32440545
31284450
35512676
24688484
27018858
35294574
35629948
37223816
31370250
33986956
31941004
35681404
34683410
37755284
36290708
33970582
36789783
35200671
34336673
32751394
34945702
29062439
32197542
31914922
36943531
29135918
34207283
36671027
32466743
37049912
36661815
33927231
34620864
33921984
25635391
32973507
36482888
32351306
33227978
37096011
37957325
18193108
32724565
36347479
36144605
32962399
31906273
34370788
30609768
32739818
32526968
33440883
35154036
33430519
33490040
35557497
33747452
37389565
33379327
31006467
35804675
36680196
31824136
38254601
33473292
35350414
33924239
33396627
34279445
37761183
31517984
34505634
32943012
38017401
33025706
36230187
36838704
35069623
32121534
32922174
35806016
37241793
32560451
31754435
34200904
34924752
37794129
34573138
34403541
33673302
33391319
32605017
35008730
35517282
37865315
35211240
32092904
22583402
35315179
36940521
33918063
34753008
34206451
34959988
30484341
33158261
31373303
35177077
31195641
30862067
33628283
32335740
35624703
32824704
34485248
31165059
32264840
33563786
37755275
37655053
31183246
36838674
36858514
33922964
33413652
35065631
36978850
36418467
33671842
34573478
35336615
32064504
35515056
36234929
33251256
33449145
31137594
27068221
37893949
36916549
35480649
35281611
32477900
33799756
35954127
34483960
33914833
33121106
33258195
37688788
32751960
34220889
35056477
34946916
32599782
34206311
35096424
30214633
29360746
30634603
29394283
35270509
35956464
30687350
38235383
31805944
36203134
32369919
35450629
33922694
36478867
35010200
31266202
32722331
33347483
32761502
38254494
36984864
31810335
32756521
34316202
36987177
35158569
36629933
33195053
34443574
31436984
34902715
34679740
33803451
37841598
20302527
34631744
35458626
37649602
36228035
35464015
36141008
37111890
38155731
35216213
31891159
32042329
36985433
32964855
34444254
36840799
33321824
36233184
36432738
37148518
31946343
38139241
31374955
35631340
33776754
35880947
34054516
34829942
36160759
35514616
33959421
32667774
33968255
34069511
34200327
37873808
37744912
38179474
35159572
32106517
36365334
33562523
33312541
37598622
34017951
36940448
34198688
32765474
36833828
34532008
33983531
34858028
37895981
33796911
35973552
32599856
31146677
35651510
34579388
37057216
34564417
18553155
38169671
33874888
38033868
34079820
32756302
34885966
33053906
32674387
37777749
37672535
31885784
36712409
33780570
32650586
36769633
32426723
35879653
26024295
30271079
32875369
31720552
37158891
34440040
36066796
35162985
32313074
36838903
37107192
31872123
31427965
35548291
35328771
34500614
35286022
22244230
31142027
30775565
33001998
30038800
30791569
36077076
31344916
35186326
34573080
31113373
37775647
36875430
30891046
34401578
37594286
31581490
35992630
35327286
33803449
34681923
30995783
36430024
36603464
19851465
33923022
34599633
34825170
35630547
23227987
29280217
31480281
36768605
27135328
35059428
34394086
34754023
36259048
37759977
20473322
29896171
32962285
37107566
38003956
33041786
32153597
33805823
30177920
37144193
32355205
31454982
36838663
35163784
34141579
35801101
36985230
36360078
36193042
36606229
35456662
32888602
31581594
31216287
37116192
34540193
33841824
35754146
32937891
37504422
27816108
34381359
33363120
30947761
31395250
34063539
33791028
32610481
28379960
36230330
25478592
34608200
33802570
15455051
30781901
32995022
35264975
34946512
30200403
29472343
31454938
33414755
35415013
37946858
35872746
19428331
34684012
33809140
37826937
20081530
36677500
34422783
33719298
38138499
35204230
32511244
23720333
34066070
31835033
33808153
31280541
34125470
37742495
33937184
33023270
35224486
31261992
36221865
32150953
36426156
36146349
34770868
37893687
36160185
35216444
21179512
32132673
24559297
36653890
30728392
24278472
33101386
29101389
35519314
36986196
34220247
36290264
35050073
34630489
32978914
31547618
32895590
30830439
30237672
32121319
34632294
34203887
35209203
35624564
23279096
32482937
35681403
37720829
33451137
37645570
36348801
31336845
37619981
34862480
31712914
32159895
36986905
31270427
34827676
34685853
18553888
30654496
30800292
34680996
36882217
33719082
34945451
33193516
31450672
34570290
33092530
33354421
35883830
35050040
37106872
35082811
36119358
35069638
37367880
34630473
31623627
34359117
33902289
37051349
34445525
25566295
37516761
30972509
34341854
32180062
35565539
33572582
36014951
36144744
31925997
32086766
36176623
34858992
32527215
32610546
35457143
33824380
36768767
33760129
31784069
33922184
15315709
35003659
37789068
33672591
35821839
34493946
31800597
36296734
26625951
33407137
34917158
36557608
34500648
33597866
35585841
21756341
36684727
31669179
34579007
36199104
34828994
35323714
36398276
30726212
35832515
33271880
33328458
36564426
36231249
33114450
36014290
35458648
30699994
35399643
31210848
31370209
24911974
34593767
35448807
35475177
34067307
35406833
37764466
33118066
12729462
34925690
37107325
31175546
33012992
38016515
37761931
37672589
31651217
32570772
34145302
35421213
35736098
31320995
33564199
35126824
35061675
36152747
36647087
34484144
37310641
35683888
35411000
33821625
33304890
36845500
36846396
34700100
31688132
32630090
34204108
32997586
31810259
33105748
35967061
35563480
35069656
38162522
33114332
36167778
36671331
36030053
34356199
32010473
33077484
32322285
32625775
31978996
34702838
35562999
28860534
31042041
27367676
32626429
37778561
37880578
29692795
34829188
35137924
31466247
35464839
26572682
33782540
33283341
21420431
33115410
37780245
35273621
37192981
35755672
35104412
34354718
29212448
36673403
36337060
35873445
30536621
34959278
37895983
35727231
35337148
34850621
33036478
35206079
34572479
36297411
36200643
34664133
35159494
32377288
33527240
34311241
32585802
36743502
33114751
30557394
35011546
33158107
36830554
30465502
35714910
37894624
31068126
31221095
36577768
35565679
36678514
35807603
30813299
35684472
36425595
32290559
24362627
33343365
33568522
36157195
37174413
36981262
34823567
37894799
27422994
36673429
19517464
36671770
31308445
31048990
32042399
34722600
30678697
36678315
35585708
30526767
34959667
35448756
34786874
35260986
36771132
34959677
33531582
37780285
34436416
34206525
35413955
36501445
36770248
30800077
33167310
36671698
37365203
36985560
36636377
34071256
35268571
35585373
37025634
34071270
37959782
32072297
37681901
35882734
35113710
33575283
30862964
36155637
34593779
32767095
36297333
34065533
33752574
36381064
37128328
36080136
28125066
34204559
37986193
22768018
32655508
36643477
37174421
34685975
34098969
31750300
30845212
34550560
33995297
31163684
36080679
37152168
37835307
32005164
34663216
38079026
35736885
19674551
37833913
34621625
36633276
38144832
34103616
32764356
36144837
31546950
34206407
36090440
34411854
36230223
36360016
34429777
37125204
35889879
34401112
38004442
32799578
33466332
36985822
36671071
34078316
36015085
34770926
35313526
27093883
32669693
37233665
34173057
32625923
31480707
26486917
23543048
35056651
36359948
32666126
36140943
29649297
31901073
35161365
32210071
35851416
31888285
35567134
33450910
35276829
35520801
36262178
35206687
36634660
34574116
28197155
32868009
33669163
36362416
37834550
33643319
31024699
30445501
34345663
36819016
36725193
28853706
35250633
35631560
35978956
32375379
34867796
32245079
35836504
31387992
31712991
37221216
34212580
34961768
35426665
36135275
33326708
32625531
37106691
33803270
37763467
34713611
32935693
30867470
37124880
33038483
36470423
37110170
33474843
33544734
31375007
35441311
36639393
38174114
33317025
34069413
30717607
34827560
33264297
33376554
32899754
32443437
34442288
37765428
35329081
34880955
35954112
33318213
32728398
32013134
31481935
32121043
36354901
32874327
36922968
32626139
33467612
34361822
34958954
35528812
36674926
38247790
31461490
34679028
36553717
30901368
34359162
36009211
30651640
31117185
34057218
31949183
38275721
37687051
34118414
35159568
37612691
37108627
26020245
26283542
37960212
31191573
26944290
30676771
31547303
35236904
36959530
25334064
32560304
34661170
31083443
37174452
34201270
34292152
21048890
25646150
34544455
34573000
37123401
35669196
37375821
30505171
36901848
35432409
31926618
34960090
35681371
36151261
35533535
35755363
37891944
36555497
34042218
33494379
31192300
34032752
36559602
36029811
34804084
28062070
31305208
32059002
28000892
37153279
35723392
18798210
38002181
34948359
32882057
34741515
34847628
30818835
31758868
35371159
31616664
37049631
37835296
36474913
28904608
31905696
32662564
36787360
32615974
30744105
37050162
24088372
36850997
36836666
35401022
35236417
34299717
35883592
37339208
35983948
34068047
33096143
36825171
35458133
36988630
34371926
35864536
35913821
32283870
29142246
38138470
32431720
32174825
34838122
31671658
34593768
36292584
37687411
29970175
34422259
31769595
31774078
34574207
33435522
32493316
34885766
33167881
37048333
26557713
35744786
31426583
35035928
34239863
32817818
31211417
31832094
33498658
36569379
36501028
36824356
36531365
32179367
35299751
30441769
32150954
31385259
32963884
32719661
31121837
37020720
33260849
33752242
27375409
37033655
32426424
33187128
34679741
34164422
35563975
36343243
35456462
31487950
31721940
35783382
33803607
30917595
32426974
33322591
33652704
31315300
22084580
36760166
34946788
31694190
32188916
31817206
33409270
34439295
32887556
33518087
38201097
34681354
35805067
34573066
34579469
36771734
36293272
32325914
2475679
2611488
31505826
37050148
36771624
34963500
32264876
35599917
2475697
36186929
1554868
35304505
7674811
37771070
8806982
34686025
33809616
31340498
31783636
35138009
36178649
31024603
36145755
36438106
33987038
35356126
1731040
34960098
1770471
31396455
37255271
33385068
36446957
35535214
33171823
36557936
31205872
37375860
32244725
36286453
35519223
35269627
37965058
37367684
35324679
28035976
33093895
33396234
34692746
36072333
35928846
25184144
31824530
30871059
35563541
35740055
35056665
37110171
32581149
31736990
33567523
31636647
32825768
35682856
31342511
35684401
34177329
33937331
33477681
34439477
35052598
32256949
36821817
35208762
34201914
36866364
33643330
28054988
31200591
37894609
32318033
35805908
36559576
34867033
32825178
36678746
36014809
32703966
36909406
36679011
32298342
35233254
32650482
36826867
37999091
37340023
34069881
34345212
34436482
33362821
35893254
30425989
31106826
33322380
35954064
35198992
30965009
31518226
37959828
32079253
32793622
35402392
36429338
32507932
33274014
36304158
36157728
37189666
31696162
34834173
34776829
34768811
35209132
34667183
32190385
33995447
33207739
29327163
35208254
37318081
34564421
32244294
37097415
33260751
35163855
33808594
36496598
37780311
33920855
33190235
32365915
35216354
35356519
33505784
38295661
35805169
32124148
33518710
28105846
35499000
36309628
35371261
32477310
31892223
36230017
33343362
35541380
36703748
35282310
34279434
33712650
35888651
35069197
36923537
36570130
35683987
31906074
32481563
36814491
34703264
36312737
34361891
32842660
35184166
32429360
37499825
36119602
32148404
34199349
35721143
32777657
34414650
26377914
31404986
35111231
36278209
35744837
36589127
34361673
34574153
32048715
37268940
36590412
36078027
37696337
33142995
34204502
30890200
30671067
37061727
34512225
33437155
36830058
31929964
31540334
33170159
31461894
35528071
33572753
32283796
33324057
34177565
33042976
36879911
35892775
35252648
31238573
36385841
36230194
36458804
35514806
35955513
35326140
36364478
32110403
26635845
32954182
34947014
35521479
32204361
36556363
36431949
32477136
35719120
35382736
28767699
30804951
34659160
37447512
34884479
31744219
35080158
35144931
36798948
32874598
35571943
35458665
38041193
35954027
38239214
34527604
34371830
35745527
32017273
35197948
37959039
31342848
35269890
33916805
34584202
36624140
34414480
30968594
31065621
31143447
33854360
34836133
34336166
34233642
27070634
32616876
36316845
34441643
36770859
34811441
34073522
31618997
36556859
36671548
35164093
34934461
37687232
36281409
31062977
32154051
36080323
35054793
35493582
31333583
24684625
37954133
34836310
36766044
32055132
37401054
34884735
36299878
30935147
37959148
33083373
33918317
36014446
34395249
35592826
29748731
35280508
36105213
35003519
33924352
34684804
34944390
32589958
35806343
36845464
31801241
35499032
33519736
32318238
35864863
38165282
36532772
33451044
34833960
33142955
35659183
35736753
35856056
31284667
37745855
33977023
32223044
35990341
36778182
35646021
34719689
26310602
35263051
36230092
35092941
32825166
33125965
33024080
36119634
36388563
34518614
34770777
27548122
34893532
37780317
31414495
36833759
33648480
33467103
36974179
30684389
36365288
33008111
33251444
32295285
22495989
37885816
35369594
29078780
32397565
37664004
36010504
37916682
34888207
33202575
35204241
36818839
38001816
35571735
37123866
35889562
36829848
30718746
34768930
36362917
30884778
34836394
36496684
34835370
34960047
37773364
35830197
34361654
30695995
28194237
28860989
28559550
36934336
31362424
37686853
32759751
32793416
36950347
34540877
37896014
35669837
36687696
35488209
31035474
36432088
35267288
36717659
36296673
35983588
36830181
37685221
31238500
34681712
37895157
36985845
36348792
36235130
33488636
33805698
23850631
33535496
34085773
34437649
31835796
35028008
34490025
33417643
32097708
35978030
35543215
37909295
33513904
31470514
33194418
32251582
35767875
34733252
26858947
36993862
34745420
34680398
38004686
36015312
36187472
35601362
35885269
32687190
31141975
32647256
36771542
32945115
33854178
26828774
37761000
34445672
36903402
34207595
32316652
32637803
32426604
11673457
37148658
36290676
36078070
34885755
36557820
31096573
34180223
33529473
33467778
38077958
37836168
35497353
35270792
34515342
35086479
32132878
36714259
36204180
30606102
34281238
36838301
32849701
34349606
33921445
33815845
30987184
35577137
34447666
30901811
31783600
31737012
31393078
32102327
36678973
36072509
33692355
35706052
33817156
37447107
37176136
36373961
35327562
34371659
34055755
31552714
36832968
32471248
30968019
34439893
36832856
35293916
32662237
35665884
34768988
31551453
33918697
37175913
37189356
32466546
31504760
34690812
34532222
36942206
30368643
36693634
29209348
30800137
32471050
36297100
32211341
36840078
30347663
36447122
35003283
36978964
36845463
33111581
24612254
35956383
32942623
33199777
32422052
30277030
25741355
35806380
24740399
32077105
35912119
34708407
33013946
19468860
35661116
37174335
34092740
37761100
37999053
26755534
36140882
23144658
33187155
36865749
36359930
36140890
31744478
37880543
32549600
31137636
33102566
25408617
37151212
34679667
33806964
36845047
33668346
16662139
35267324
36654718
34395519
36738696
31698703
36656400
32512916
32916889
35520795
38106656
33609889
36139809
35631653
33338920
34354473
34574122
35873320
30302257
33007922
33714740
32587956
33920058
34040891
32641724
22537153
36364995
34828996
34085827
21789251
31122247
36528584
34111427
33005643
34771023
34163793
34959313
28632788
32671829
35453525
36782297
32707802
32010334
32413406
34553086
32426721
33541348
35954024
34361577
33549034
35529069
27105773
35502194
34081271
30609658
33601275
36596477
36501246
36547075
22168586
31574924
35883789
32172047
34221713
30150802
35566227
32973203
35158548
37969810
36108695
32560540
26958621
33628193
28239138
15954467
38203556
27668515
32245415
35567272
34765864
35725997
32993199
33924656
35620656
36307247
35200311
33572281
31299513
26975806
36110401
24278337
36431043
36529733
32521670
15020108
32120144
35448533
35593941
35967448
35679321
36904026
32905179
26623324
37661283
35519589
37028971
33508590
35625081
35910014
35463424
33488642
36547590
36985608
31137673
35163914
30682122
34945547
34263437
35194512
31374363
32316447
36838559
33126433
38201771
35684270
36287919
25993649
37268913
34441570
30471609
32444606
37242430
32260544
32998463
34475714
37176132
30964037
36622408
35057481
31357897
35910346
36142412
35864145
35574354
25806807
37893719
34773977
31059545
36196059
34409184
36860897
33442274
33167585
36428384
34812259
36238438
34455527
31594216
36540777
35127657
35935849
33916780
35162234
33868411
37959040
32626304
38163206
31333642
33357706
34441740
36297358
34327054
34065936
37741457
35050131
36551699
34862742
35499031
27110680
35215257
32123544
34337952
32717863
34946729
32646057
31893165
37111601
34560054
24195767
20419766
32384694
38137274
34009022
37959874
36553794
36838596
35681349
35807305
37869643
34531916
36483927
37708384
33854690
36766436
31096549
36559597
37760495
33187311
36092400
36185588
32944245
31058806
37685244
36832895
36743552
32849412
36205445
24863367
36559625
36145938
32106003
35531283
36675224
36835097
33809688
30151067
35517468
35770013
31163038
31941157
34070822
31181737
35875501
35267887
37215921
34681907
36266933
31553721
35745082
35069121
33466945
36499532
34276557
35313998
21716177
27110097
32372949
36045654
35935190
36923223
37702489
34547287
36499675
33762011
32781533
36703196
34564575
32734692
34206698
35093099
37685103
34073328
37164273
31940847
32948083
33859059
32132596
32637820
32256639
25379461
35928712
35197452
33304590
34195602
35668373
34193047
38136856
38128413
32038686
38195615
33531553
35681917
33387047
36387497
32117419
37485869
34395950
35720111
36267901
35252146
29615998
35411379
36557749
32704892
34959674
31817020
36795068
22008254
36297150
31940929
28103873
32336965
36237510
34945479
35386057
34710479
34140625
36313429
33915990
31929561
34468186
32485980
31540318
31341536
35592555
35565550
38005231
36553712
37744113
37376370
34096502
35041143
36582649
29973884
32872317
32661246
33241349
36209798
37505544
37762697
32577802
35847049
33562762
32736521
35307918
34575119
37048463
2015368
37107351
36987033
35937690
37047323
32685981
34961183
31454879
36267941
37953833
33959594
33050030
33827703
9303472
24872882
34803128
34938303
37120063
36559555
36318531
36979141
34455235
36605509
32531917
36552655
31780563
28423001
32625626
36552283
35276895
35994080
36501344
24428899
34445028
36159461
35369062
36313068
31878007
36364156
35012227
34502020
37016323
35335174
32213900
36978448
38005779
35954070
33916441
36674458
36677402
37499164
33669662
35807649
35736482
34071715
27792168
37780270
31139376
33922352
35637171
30858803
32962109
29692864
36668865
34394049
35629891
35755332
36295365
33260996
33671107
37762252
34227660
35382096
36829905
36034898
34295253
32500068
35901669
34199781
36778855
32668647
36276839
36079850
35209958
34828270
36985455
31060335
37049712
35885302
37533177
35975293
36536447
38135041
34924801
38205318
36135179
34444688
33228565
34293016
36839961
32411163
32182686
36726559
36840225
34381090
32560419
34698146
34827941
36230183
37867816
35453480
32575530
31540263
34441516
34056367
35893936
32276403
35600819
37107510
31904060
32555324
37505855
34436422
36420041
29361740
36500556
35890637
36499279
34208334
36438611
32350295
36355160
37960283
36504795
36076894
32235743
36557282
33057127
35573096
33848172
36251757
33163756
37886063
33374829
31569518
31113966
37288820
32962166
35326207
26664449
27727362
35276934
31766535
20804615
23856006
32751878
34712203
32824332
35889799
34071303
36835090
37655317
32626207
37024672
31746593
32929442
38017577
35479216
33407409
34287026
36982579
35012528
35001909
34755255
21247164
31683902
36686657
36555201
30376392
36680265
33708234
35769673
35893068
33227976
32864209
36918611
38203383
33776215
32766681
34434650
32142554
32010460
33959901
26819935
29679203
34961254
33808235
36840045
35745134
27708655
29568244
33525366
27446135
32991614
34371585
38139139
35664649
38144779
37879564
37762316
36437391
30899090
32610579
35114771
35399958
35082906
32033441
36281762
36874915
35726888
36139820
36771630
28927024
35260602
32316987
33241148
36661948
33868350
27687998
31294783
34299073
35788225
30899269
37072325
37184069
35731526
36138313
30824015
35337168
34443472
35056722
36531411
34772952
34664025
36139866
27168731
34908892
35627102
35744991
32679909
34659307
31758060
33123179
33553902
35054828
37275632
37999217
36080243
33352825
32204417
34946945
35076099
33808386
35740037
32252289
32988551
31443594
34776975
36677010
37754774
34438807
36044570
35506204
35383965
37110428
23335967
34288928
33917608
33414957
32514478
30288174
34789813
36937142
35408956
32560317
34681540
34878152
32811849
34834890
36297801
32518860
33329744
33202900
35782617
36589403
36144477
31427678
36977117
33637605
35720170
37049451
36415855
32957552
36797681
37151604
32235382
36986745
34940794
36337660
32503168
34326915
27689094
31192199
34702854
33266185
35326215
36305291
35453327
37378834
38046611
31623062
36313111
36556696
33457430
32751258
32292762
33995294
35212831
32724640
38034593
36050466
34615971
31454115
36144679
35615144
34440360
37687338
32244395
34062895
34208560
33491503
34356918
35892791
37676868
36234949
36276553
36712526
36230227
37082195
33312089
23990746
36985689
31557210
37231833
34064351
33465442
35159528
36900459
34995693
25123186
33557108
36163190
31866873
35206778
32785021
31844734
32743172
34948361
32532106
32469389
35273614
35158798
24950293
30621719
29132315
35873824
37267233
32637346
37651628
33647277
32174766
34917295
30934783
33388598
36829882
31480508
36028991
34938304
34830402
24957378
33809092
18564421
33669830
32085447
36295880
32158154
34899021
23700429
25136333
33551693
37835346
26441941
37198296
31614937
37888474
35565658
1372380
28529502
34631775
35005281
36559586
30680161
34395495
34073706
37667318
31913597
36903935
35507844
37828613
36432774
35035912
35350410
34960140
35379342
38178191
36668944
37946001
36836626
36235923
30979093
34242328
32968729
32181658
27230236
34189212
36296606
33806754
33370277
32824999
26011307
33892780
34603052
28737582
33317038
34771120
36936114
30073396
22334516
30717240
36524229
34745157
35865797
30678345
36079563
33487053
32257230
36221137
24144082
34439770
33304413
36974175
33987551
35028578
33172966
29420776
38257257
32503276
35440876
33240305
34445042
37110643
33473272
25211002
37849470
32902275
31491971
33014279
32575500
37181325
31777422
35324685
31096595
32854299
23877404
36721823
31978272
23077667
31952163
36085162
36296619
37233707
36684717
31516850
37849011
30863415
27731396
36992836
38140357
19829704
31908810
25410379
22916173
35096014
36671054
29987409
24831826
31691988
32095701
17139286
36500439
35676629
33188182
33679835
33388891
33801564
31427934
33436639
37161313
29520738
31171938
23679073
34765544
37884908
28596717
36005615
32906736
35681521
28846707
36265716
24601592
19538810
32492801
33488260
35036292
30484872
33068041
30518795
31817230
33260560
33954064
25338003
36670355
27891094
33259543
31835548
31979037
35359389
36645408
28184225
36599457
34104483
35408675
36985507
32660006
35754913
34685098
35043761
24077237
24309309
34437442
33574978
32887237
23717318
33178317
28067791
36902097
33169107
32503253
21974742
28399194
37189980
25969757
27754463
34564448
35615711
31866853
32679655
30972274
34174965
30704505
31516543
37108609
34770949
36070921
37713163
30405389
36828430
36860302
31645968
32784785
32204560
28975383
32384794
32872226
36874916
37107366
31752105
34394155
36235308
32324780
33503019
31235891
32974004
32734260
29044153
34795578
32507833
34793529
37835324
35833022
25712450
30646852
33672517
35847622
35885256
37685193
33525448
37152968
35889485
35675982
34560080
37958356
36005592
34579290
34249052
34208094
37835358
34361824
36226145
33746662
34359527
31216625
23852166
30399495
33050509
33489680
33467537
37835283
36671636
32542998
31387286
36290073
32466586
34904861
37755293
32521759
33462562
36362916
37954853
32867236
33499942
36834856
35204271
37935795
36559667
35634740
36034486
36353462
34480565
20657468
35682623
32607167
32477380
33995460
36121159
34899784
36899786
36343627
37649996
34295245
34943693
32635344
35126651
32620756
32715865
34249051
36235230
34839775
34761568
37049441
35535971
36768228
31374822
37107435
30311407
33430128
36377201
35566071
31151227
27338492
36009214
26658825
35010187
36840076
31598097
34071441
26471192
36765976
34319258
26893594
33138334
35233058
33747490
34361765
33807781
29165610
36531375
32671026
31817779
32580403
33658931
36822196
31159223
35406903
32858808
33808954
32936376
35078588
36267836
32375874
32586053
28718792
34001614
36500560
33015121
38238801
33920595
37074003
30930910
34205534
34573027
36320355
32085476
25493478
33266150
37641832
26968675
36553834
33266031
34941680
36172529
34456959
32842624
31703296
32849668
36830734
33478038
34356634
33672092
33684125
37868318
34547238
36845998
37269937
33672882
35036084
30080309
32823992
35053886
30677184
26938561
34207426
35388099
35053894
33921351
32626377
35817806
31164879
33066576
33930449
35804498
37760339
35556179
37865689
34357087
34884831
36552032
22417507
36364260
31311204
37175142
30903144
34834027
33271917
33438829
34835310
31731568
35163629
36982896
35153270
35744759
32971897
31447807
30471425
37047425
37278851
36902273
31551622
36432006
36575241
37504267
32280587
35209101
33292687
33603727
36719514
37213342
35890465
35683107
35197732
38143910
30791463
31540008
32655402
36339628
32932908
35424430
31263410
34303154
31013940
31554359
30669496
32015930
34456379
33019712
37736256
36994114
37761091
34768833
31244872
31828178
31205459
38148820
31906518
32733530
33506652
32455648
33736801
33891937
31071969
35562871
36966904
34371961
33133562
31018107
35017597
37331582
37896063
36903936
35068929
35586050
36671237
37128327
34759944
38277517
31248143
34068115
32735892
37123862
31900184
36235161
35965982
33381540
38225061
33672486
36422311
37671209
35433643
37110447
36119994
31550269
38139328
33924800
35154499
38202820
33891013
33947333
37667783
26694856
35159498
36421579
33758028
32876749
36674506
35979344
32316240
33679829
32793176
35774811
37103199
33489120
36648547
36938468
34445289
35547120
33753842
31778162
33685363
36593526
37581687
33163896
36941563
30709373
30216959
33049600
35807361
36792194
36548610
34221447
35877514
36282381
37675407
33809040
33946896
36678673
32610451
38057365
31261724
34359197
38274208
31963808
37761187
32868003
36077732
31045543
32991152
35401777
36978992
33502259
34079030
35327415
35424186
36676029
37587394
37663172
36430664
31082570
31581516
37232978
35113556
35808728
36454488
35076571
30464091
34822624
34835937
33519459
35627875
33805796
28157162
36496622
34436462
33466481
34220401
38004218
34430979
36984324
32274309
36304520
35233673
32272648
33409289
28255500
33116304
32102293
34208409
32033179
35956766
36770846
37894688
34691103
36766111
37171363
34298915
35392295
32111914
34863915
26448818
36495154
36288052
30969140
30197302
34937911
33860409
32834241
33809730
34207427
35269576
31251786
33477709
32722637
38189144
36532440
34500955
22854878
36400863
32962154
36364395
17563885
30764526
37681775
28688112
32637174
35959291
34186493
33991806
35847041
36570883
32426756
35198988
33488653
36213009
36476948
27147928
37768984
34678939
32150816
34188065
34866977
35095974
33603370
21738412
26669101
35160622
25221554
34200115
36837304
34440762
34104125
33781309
35058756
38203463
36770890
36266315
35454667
31460043
37970382
33965776
34190544
35310033
36506065
37852116
36676436
30671959
31491421
34960992
36296545
38165986
32629476
37771493
30520040
32674298
36478708
37604855
38162042
36243197
35159557
35173256
32566793
32899465
34766475
34525709
35432974
33488654
37274639
32769047
33892636
32604830
34880927
35162272
31443489
36079649
36978339
33722278
33216295
34069802
33917228
31279660
31234604
23977647
31049007
31336625
32218801
30796211
31174319
32622129
35531317
34086839
33804600
34975290
33746748
36017342
34812737
31146437
35287753
32059466
36984268
36985807
37111122
27554261
34212314
33767263
37032416
35504991
33510757
37803753
36226283
35379184
36428401
34922354
35215350
31752183
35036158
35171456
35560193
34222212
37338631
34437000
38144781
36136464
36111251
34093972
35577885
32788894
34276647
30823593
33445674
33086506
36077994
34527661
38111407
31941040
38187312
34723506
35885361
34524466
34140213
30963127
33303737
35903291
36211773
31619261
33202752
33294406
37623879
35448519
35892550
35408714
35631179
36247120
32190550
36299862
33415129
34832987
34202844
35592285
37078237
35224415
31240156
36558947
34904040
33792106
37275754
36235248
35201399
34537082
36104831
36768387
33213067
28398228
37936023
35801111
32218777
35327258
37048219
35774621
36714784
31835429
32882983
36080297
35745587
33551795
32528694
35990329
30728763
31340604
32987837
36551867
36969921
35205058
34071235
34209985
34684869
33069254
26694341
35917000
32277452
35058892
37052878
31798607
34563023
33643858
38089042
35799513
34200284
29435100
31337054
35744738
37127651
34362978
32425958
22649703
25761256
35631721
32152553
33924715
32933996
36981101
23918966
33868158
31497476
32183429
35357063
32351755
33669644
35125518
34208910
33066512
37089937
30581393
35711762
34257817
34445850
35560233
33126703
27306031
35283889
36547380
35214902
33281718
36123702
22887993
36119867
35323707
32340157
25520705
33808194
35518019
30519365
34901063
33746889
35922249
36012239
31737040
37731665
35407315
33670356
34206678
34222296
32103897
36500442
34068443
35209052
32198879
36339557
28100199
37644393
35625323
33014001
30823412
37049461
32971894
36839670
36245492
33092218
26221179
34500732
35663750
35563398
34583563
34444815
34782609
35741076
36235801
37200796
37887390
35281697
32640674
34685989
36501286
36844070
36832940
34790188
32340396
31167407
37719216
36545074
35184182
34539703
33158201
31993529
33672251
36310589
37689279
17764545
35574082
34066627
34834756
36586056
29499341
36311118
33413072
33867985
26085586
36678739
31528787
34070227
34071763
32802772
34873817
34834781
34946528
35432419
35453796
32121191
32916839
36362351
33679857
32612979
34361715
35448821
26904185
33669756
33807744
32414083
36465667
35681413
35010182
35628680
38005769
31728009
36714131
30851732
32375317
31500565
35049754
35327642
31635354
31491997
37998876
36438820
33061292
38139824
36836912
35745971
32662710
37050047
32604735
37404737
37111875
31554765
34934093
33406287
31190742
36432767
38203481
33925083
32293468
33849439
35521504
34690784
35736160
34168677
31881192
36548713
34237931
34434288
31319793
35995890
33704434
37999220
36967921
37107314
36852215
37153781
31323897
32326266
32626303
30862081
36419205
34240527
36297746
37623827
35448468
30824725
32714390
33198236
36826013
36245535
21516195
21902244
35890084
36145704
26642857
34859050
33814954
33841453
23706542
35108274
36421427
30873143
27812535
34206906
33119419
35458623
36142784
33133120
31795392
29715267
34137156
32294979
33015490
38003529
34395855
37113297
36832849
31578452
36551897
35712350
34522592
37895651
32176488
26764136
38136173
32378734
33428850
21682932
33371255
28256633
30733818
34830461
29649154
34574339
32547336
33784329
32112394
36173068
30927246
36682128
36359955
31392275
35958042
34943006
36970529
36545314
35256737
31553825
34290606
31600945
33414705
37189425
34149684
32916918
36902199
35898295
34880377
31817019
35893568
32486338
37111618
37205316
35788997
36382278
31795145
31370188
31641036
33949005
34202706
30996439
35158619
34912220
33172195
37662821
35601897
37685097
34178155
34173932
37745261
34361077
34681720
32265465
36903291
34167422
36998914
33341708
33120909
33567628
33379215
35745937
34641042
31729298
30865300
36500625
34885907
34930840
34828832
34685985
35310627
22069667
36139303
31063976
33352625
37446962
36091825
34769460
35740089
34684859
33865404
36230082
35407043
38004548
32303303
37679816
36559700
36959959
37777624
36080473
31856735
35336671
34466529
36969828
36341096
36224489
33211886
33741038
33748464
31683568
33889778
33915891
36365555
33664752
37050106
34443387
33019645
36249982
36674687
32819073
33922689
36296710
35102215
34884234
35447931
37110157
32935823
32503312
31510033
32054169
35161246
30679455
33499295
35458594
35252133
34576045
21984942
36524336
32961841
33989296
37723443
31416118
35600827
37969341
35487936
36984648
37590216
31513596
31161037
35892687
36234832
33708111
34451668
31547604
37803735
33842401
31985122
37687137
33114468
34335977
33466475
30988271
31317744
36673393
36142192
31096691
37762036
33153009
37223798
32527219
36340345
36344571
31591036
32013058
37531915
34356237
33453710
33663503
32147605
37893527
22268569
35511961
33119133
35271582
37138720
24566434
38309927
33467178
34764973
37900077
34188207
36677933
35628468
27302965
35962424
30185401
33679418
33042236
34512701
36671814
38005191
33042249
35577034
34549579
36835660
33869261
36205267
31193945
28003804
31507553
37609571
32233956
33132261
32695912
34307432
36562920
33864813
35247727
33216112
34755825
31390837
37443321
16663802
34900859
38167804
30380804
34096005
31096583
36226701
32354192
27289364
37764502
29269147
37174299
37110813
37781405
34345117
36467747
37454374
33990182
36832936
37180713
21808552
35566894
31779119
38188719
35865907
34961204
32836404
23299509
30847160
31315257
33282429
35345470
35529919
29038660
36345416
34209224
28657613
36993870
32219086
32154062
37489487
35892813
36430419
29854039
36141018
37214555
33133020
35408736
30893792
34371555
37798757
37684586
35164266
31649262
38203763
35208184
15839482
36176637
26959487
34940546
37891331
36903308
37087246
35955600
35604368
35884306
35011347
32849686
34595735
36129440
33240099
31635372
29740460
33546158
33790257
35511089
36903857
31621557
35963960
32392888
37725372
35185982
32429246
37953984
36514369
36816319
33260612
32985541
28869577
27830989
36128717
34925007
28916559
36944081
30823503
36329300
27929430
30580182
33429850
34202330
22530907
36981090
32375270
36003048
34943081
35847272
33224171
32625652
28824693
34381814
35990779
26061182
31569407
38173953
33477385
36325131
36080269
36553742
38176527
35290382
36358291
32786839
34504861
30893348
36552869
31575078
31503525
37743913
36843947
31401516
36345517
34956334
36900268
35159596
33208758
35311163
32161340
36364222
36769343
37152448
34777410
37836228
33294023
32207561
36779082
30834124
35464908
34678990
31077969
32604759
35804631
35002716
33919966
32742113
28323425
30925795
36090468
36771687
35646312
33800812
34938479
36840048
35668854
33912716
34099855
33809170
34443539
34451603
32086809
36034206
33668383
35886752
34959273
33920554
33153068
35492526
31181870
36766000
31689909
35163958
33466808
30976190
29188033
35027009
31842755
24747843
35454660
31963590
33924552
35209161
32864206
35733967
31500622
34746834
37891924
35806037
24083420
31681887
32859616
35841634
31652707
36235238
36558442
36776171
33916011
28744173
35056493
34223722
35647343
35903221
30374904
36539769
36235389
